#Ricard test table
#2nd
#3rd
   999999999999999.        1843778.30207954     
  1.263133563976835E+015   3598304.15585433     
  1.595506400444822E+015   6782287.56375109     
  2.015337685941736E+015   12295770.4919842     
  2.545640673860415E+015   21392116.3305857     
  3.215484176977701E+015   35721267.9071243     
  4.061585988376967E+015   57375415.2021253     
  5.130325584896979E+015   88998747.2159333     
  6.480286440412515E+015   134067312.632788     
  8.185467307069025E+015   197502570.121051     
  1.033933849239397E+016   286619680.756253     
  1.305996547906049E+016   412423621.007327     
  1.649648074098012E+016   591382035.357645     
  2.083725851142961E+016   847529090.415403     
  2.632024060704875E+016   1216677947.33284     
  3.324597932270934E+016   1757626813.78772     
  4.199411234979405E+016   2588539922.23681     
  5.304417279843941E+016   3988662289.94430     
  6.700187503509592E+016   6628689481.67752     
  8.463231720621131E+016   11994322930.0681     
  1.069019204602998E+017   22976996738.0388     
  1.350314037869868E+017   44574404874.4431     
  1.705626983142531E+017   84528283172.6543     
  2.154434690031884E+017   154365873903.444     
  2.721338768375304E+017   276084299512.787     
  3.437414337286232E+017   523486846686.690     
  4.341913422721464E+017   1189391931744.95     
  5.484416576121026E+017   3250797763004.09     
  6.927550656129389E+017   9306279783431.58     
  8.750421749906785E+017   25002897888418.6     
  1.105295141126018E+018   60728162630770.7     
  1.396135390856797E+018   133189050239042.     
  1.763505472047140E+018   266536773040502.     
  2.227542951999557E+018   492865686466408.     
  2.813684267870683E+018   852109096314185.     
  3.554059037181050E+018  1.391479663347543E+015
  4.489251258218615E+018  2.164682530227988E+015
  5.670523941381175E+018  3.231018072581746E+015
  7.162629115692781E+018  4.654603978753519E+015
  9.047357242349277E+018  6.503659915695649E+015
  1.142802059810028E+019  8.850038628040409E+015
  1.443511638727921E+019  1.176880093134703E+016
  1.823348000868442E+019  1.533803135526714E+016
  2.303132058706994E+019  1.963862176669127E+016
  2.909163405623874E+019  2.475414644430013E+016
  3.674661940736675E+019  3.077090013024896E+016
  4.641588833612786E+019  3.777761214241584E+016
  5.862946645916405E+019  4.586550332306540E+016
  7.405684692262427E+019  5.512827101013766E+016
  9.354368899026140E+019  6.566162003950195E+016
  1.181581732618096E+020  7.756368479041619E+016
  1.492495545051831E+020  9.093418283468304E+016
  1.885221217040871E+020  1.058749502832825E+017
  2.381286194765583E+020  1.224888644374235E+017
  3.007882518043090E+020  1.408799071698601E+017
  3.799357365039416E+020  1.611514321801713E+017
  4.799095809323879E+020  1.834060229180000E+017
  6.061898993497570E+020  2.077434249036915E+017
  7.656988080124182E+020  2.342599349450654E+017
  9.671798642975480E+020  2.630476091238756E+017
  1.221677348996795E+021  2.941938508198053E+017
  1.543141663868094E+021  3.277812452917880E+017
  1.949194029602851E+021  3.638876292962739E+017
  2.462092401494620E+021  4.025863599329545E+017
  3.109951549940209E+021  4.439465850732435E+017
  3.928284185071262E+021  4.880348650791708E+017
  4.961947603002905E+021  5.349155432991212E+017
  6.267602560047379E+021  5.846546840570845E+017
  7.916819159262988E+021  6.373297092594761E+017
  1.000000000000003E+022  6.930486897172947E+017
