#Preliminary PairProd table from Ricard
#One represents the energy-loss rate (pair_rate.table): proton energy (eV) and the rate in ... let me check it again ... eV/Mpc. 
#
   999999999999999.       1.713555068995514
  1.263133563976835E+015  2.046721046012025
  1.595506400444822E+015  2.426967362405197
  2.015337685941736E+015  2.858697541893784
  2.545640673860415E+015  3.346533918212095
  3.215484176977701E+015  3.895318161026027
  4.061585988376967E+015  4.510096849000890
  5.130325584896979E+015  7.834021636202894
  6.480286440412515E+015  2.293041452959640
  8.185467307069025E+015  1.10453410549547
  1.033933849239397E+016  3.563233924310688
  1.305996547906049E+016  1.46325424220370
  1.649648074098012E+016  7.955026396065415
  2.083725851142961E+016  3.699020144182972
  2.632024060704875E+016  6.532026471525996
  3.324597932270934E+016  1.443025124479469
  4.199411234979405E+016  1.028056538927761
  5.304417279843941E+016  4.955145418228538
  6.700187503509592E+016  2.865209950066741
  8.463231720621131E+016   30.9616046800876     
  1.069019204602998E+017   8839.55693659855     
  1.350314037869868E+017   875775.005516024     
  1.705626983142531E+017   37350590.2290886     
  2.154434690031884E+017   813150267.964423     
  2.721338768375304E+017   10341029986.9523     
  3.437414337286232E+017   85468041790.4329     
  4.341913422721464E+017   499565406110.779     
  5.484416576121026E+017   2208346869333.12     
  6.927550656129389E+017   7787767258054.32     
  8.750421749906785E+017   22861525028903.6     
  1.105295141126018E+018   57793341131563.1     
  1.396135390856797E+018   129266557584117.     
  1.763505472047140E+018   261408470057189.     
  2.227542951999557E+018   486288849047325.     
  2.813684267870683E+018   843815415304586.     
  3.554059037181050E+018  1.381179850720598E+015
  4.489251258218615E+018  2.152054319576256E+015
  5.670523941381175E+018  3.215719981532255E+015
  7.162629115692781E+018  4.636257525181851E+015
  9.047357242349277E+018  6.481871907200859E+015
  1.142802059810028E+019  8.824374895801181E+015
  1.443511638727921E+019  1.173881568519391E+016
  1.823348000868442E+019  1.530323156825896E+016
  2.303132058706994E+019  1.959848424402325E+016
  2.909163405623874E+019  2.470814882060769E+016
  3.674661940736675E+019  3.071842837058541E+016
  4.641588833612786E+019  3.771807428053852E+016
  5.862946645916405E+019  4.579829981009373E+016
  7.405684692262427E+019  5.505268024928926E+016
  9.354368899026140E+019  6.557703736721436E+016
  1.181581732618096E+020  7.746930731393563E+016
  1.492495545051831E+020  9.082938386687925E+016
  1.885221217040871E+020  1.057589006144610E+017
  2.381286194765583E+020  1.223608677555192E+017
  3.007882518043090E+020  1.407390563457359E+017
  3.799357365039416E+020  1.609970811512892E+017
  4.799095809323879E+020  1.832372584823249E+017
  6.061898993497570E+020  2.075594201009001E+017
  7.656988080124182E+020  2.340598799276662E+017
  9.671798642975480E+020  2.628306842306678E+017
  1.221677348996795E+021  2.939591824477416E+017
  1.543141663868094E+021  3.275278821525156E+017
  1.949194029602851E+021  3.636145156921072E+017
  2.462092401494620E+021  4.022922429948781E+017
  3.109951549940209E+021  4.436299302914794E+017
  3.928284185071262E+021  4.876924644187411E+017
  4.961947603002905E+021  5.345410819977779E+017
  6.267602560047379E+021  5.842337041839996E+017
  7.916819159262988E+021  6.368252750905811E+017
  1.000000000000003E+022  6.923681033838406E+017
