# Z, N, Mean Life Time [s], Decay Mode (#beta- #beta+ #alpha #p #n), dE
0 1 10000 8.814578e+02
0 2 00001 1.000000e-99
0 3 00001 1.000000e-99
0 4 00001 1.000000e-99
0 5 00001 1.000000e-99
0 6 00001 1.000000e-99
0 7 00001 1.000000e-99
0 8 00001 1.000000e-99
0 9 00001 1.000000e-99
0 10 00001 1.000000e-99
0 11 00001 1.000000e-99
0 12 00001 1.000000e-99
0 13 00001 1.000000e-99
0 14 00001 1.000000e-99
0 15 00001 1.000000e-99
0 16 00001 1.000000e-99
0 17 00001 1.000000e-99
0 18 00001 1.000000e-99
0 19 00001 1.000000e-99
0 20 00001 1.000000e-99
0 21 00001 1.000000e-99
0 22 00001 1.000000e-99
0 23 00001 1.000000e-99
0 24 00001 1.000000e-99
0 25 00001 1.000000e-99
0 26 00001 1.000000e-99
0 27 00001 1.000000e-99
0 28 00001 1.000000e-99
0 29 00001 1.000000e-99
0 30 00001 1.000000e-99
1 2 10000 5.609198e+08
1 3 00001 1.000000e-99
1 4 00002 1.153435e-22
1 5 00001 4.108795e-22
1 6 00001 1.000000e-99
1 7 00001 1.000000e-99
1 8 00001 1.000000e-99
1 9 00001 1.000000e-99
1 10 00001 1.000000e-99
1 11 00001 1.000000e-99
1 12 00001 1.000000e-99
1 13 00001 1.000000e-99
1 14 00001 1.000000e-99
1 15 00001 1.000000e-99
1 16 00001 1.000000e-99
1 17 00001 1.000000e-99
1 18 00001 1.000000e-99
1 19 00001 1.000000e-99
1 20 00001 1.000000e-99
1 21 00001 1.000000e-99
1 22 00001 1.000000e-99
1 23 00001 1.000000e-99
1 24 00001 1.000000e-99
1 25 00001 1.000000e-99
1 26 00001 1.000000e-99
1 27 00001 1.000000e-99
1 28 00001 1.000000e-99
1 29 00001 1.000000e-99
1 30 00001 1.000000e-99
2 0 00010 1.000000e-99
2 3 00001 1.095727e-21
2 4 10000 1.155599e+00
2 5 00001 4.382908e-21
2 6 10000 2.370829e-01
2 6 10001 1.244685e+00
2 7 00001 1.000000e-99
2 8 00001 2.191454e-21
2 9 00001 1.000000e-99
2 10 00001 1.000000e-99
2 11 00001 1.000000e-99
2 12 00001 1.000000e-99
2 13 00001 1.000000e-99
2 14 00001 1.000000e-99
2 15 00001 1.000000e-99
2 16 00001 1.000000e-99
2 17 00001 1.000000e-99
2 18 00001 1.000000e-99
2 19 00001 1.000000e-99
2 20 00001 1.000000e-99
2 21 00001 1.000000e-99
2 22 00001 1.000000e-99
2 23 00001 1.000000e-99
2 24 00001 1.000000e-99
2 25 00001 1.000000e-99
2 26 00001 1.000000e-99
2 27 00001 1.000000e-99
2 28 00001 1.000000e-99
2 29 00001 1.000000e-99
2 30 00001 1.000000e-99
3 0 00010 1.000000e-99
3 1 00010 1.090245e-22
3 2 00010 4.382908e-22
3 5 10000 2.423728e+00
3 5 10100 2.423728e+00
3 6 10000 7.871016e-01
3 6 10001 7.623110e-01
3 7 00001 1.000000e-99
3 8 10000 1.835014e-01
3 8 10001 2.846040e-02
3 8 10002 5.761495e-01
3 8 10101 8.748937e+01
3 9 00001 1.000000e-99
3 10 00001 1.000000e-99
3 11 00001 1.000000e-99
3 12 00001 1.000000e-99
3 13 00001 1.000000e-99
3 14 00001 1.000000e-99
3 15 00001 1.000000e-99
3 16 00001 1.000000e-99
3 17 00001 1.000000e-99
3 18 00001 1.000000e-99
3 19 00001 1.000000e-99
3 20 00001 1.000000e-99
3 21 00001 1.000000e-99
3 22 00001 1.000000e-99
3 23 00001 1.000000e-99
3 24 00001 1.000000e-99
3 25 00001 1.000000e-99
3 26 00001 1.000000e-99
3 27 00001 1.000000e-99
3 28 00001 1.000000e-99
3 29 00001 1.000000e-99
3 30 00001 1.000000e-99
4 0 00010 1.000000e-99
4 1 00010 1.000000e-99
4 2 00010 1.429134e-20
4 2 00100 1.429134e-20
4 4 00100 1.180269e-16
4 6 10000 6.314676e+13
4 7 10000 2.119840e+01
4 7 10100 6.626210e+02
4 8 10000 3.164457e-02
4 8 10001 3.132812e+00
4 9 00001 3.895277e-21
4 10 10000 8.337747e-02
4 10 10001 1.441092e-02
4 10 10002 2.334569e-01
4 11 00001 1.000000e-99
4 12 00001 1.000000e-99
4 13 00001 1.000000e-99
4 14 00001 1.000000e-99
4 15 00001 1.000000e-99
4 16 00001 1.000000e-99
4 17 00001 1.000000e-99
4 18 00001 1.000000e-99
4 19 00001 1.000000e-99
4 20 00001 1.000000e-99
4 21 00001 1.000000e-99
4 22 00001 1.000000e-99
4 23 00001 1.000000e-99
4 24 00001 1.000000e-99
4 25 00001 1.000000e-99
4 26 00001 1.000000e-99
4 27 00001 1.000000e-99
4 28 00001 1.000000e-99
4 29 00001 1.000000e-99
4 30 00001 1.000000e-99
5 0 00010 1.000000e-99
5 1 00010 1.000000e-99
5 2 00100 9.391945e-22
5 2 00010 9.391945e-22
5 3 01000 2.221750e+00
5 3 01100 2.221750e+00
5 4 00010 2.434981e-18
5 4 00200 2.434981e-18
5 7 10000 3.007812e-02
5 7 10200 1.873601e+00
5 8 10000 2.495862e-02
5 9 10000 1.803369e-02
5 10 10001 2.969270e-02
5 10 10002 6.948091e+00
5 10 10000 4.632061e-01
5 11 00001 2.741121e-10
5 12 10000 5.899591e-02
5 12 10001 2.069539e-02
5 12 10002 1.185282e-01
5 12 10003 3.725170e-01
5 12 10004 3.259524e+00
5 13 00001 3.751007e-08
5 14 10001 1.099975e-02
5 14 10002 4.949887e-02
5 14 10000 6.599849e-02
5 15 00001 1.000000e-99
5 16 00001 1.000000e-99
5 17 00001 1.000000e-99
5 18 00001 1.000000e-99
5 19 00001 1.000000e-99
5 20 00001 1.000000e-99
5 21 00001 1.000000e-99
5 22 00001 1.000000e-99
5 23 00001 1.000000e-99
5 24 00001 1.000000e-99
5 25 00001 1.000000e-99
5 26 00001 1.000000e-99
5 27 00001 1.000000e-99
5 28 00001 1.000000e-99
5 29 00001 1.000000e-99
5 30 00001 1.000000e-99
6 0 00010 1.000000e-99
6 1 00010 1.000000e-99
6 2 00010 2.857979e-21
6 3 01010 5.948775e-01
6 3 01100 9.542827e-01
6 4 01000 2.785558e+01
6 5 01000 1.760190e+03
6 8 10000 2.595408e+11
6 9 10000 3.533160e+00
6 10 10000 2.144609e+02
6 10 10001 2.166272e+00
6 11 10000 5.405015e-01
6 11 10001 1.148566e+00
6 12 10000 2.547989e-01
6 12 10001 5.540865e-01
6 13 10001 7.069206e-02
6 14 10001 4.825013e-02
6 14 10000 1.240718e-01
6 15 00001 4.328085e-08
6 16 10000 8.712435e-01
6 16 10001 2.856536e-02
6 16 10002 4.709425e-02
6 17 00001 1.000000e-99
6 18 00001 1.000000e-99
6 19 00001 1.000000e-99
6 20 00001 1.000000e-99
6 21 00001 1.000000e-99
6 22 00001 1.000000e-99
6 23 00001 1.000000e-99
6 24 00001 1.000000e-99
6 25 00001 1.000000e-99
6 26 00001 1.000000e-99
6 27 00001 1.000000e-99
6 28 00001 1.000000e-99
6 29 00001 1.000000e-99
6 30 00001 1.000000e-99
7 0 00010 1.000000e-99
7 1 00010 1.000000e-99
7 2 00010 1.000000e-99
7 3 00010 1.000000e-99
7 4 00010 7.920396e-22
7 5 01000 1.586965e-02
7 6 01000 8.626017e+02
7 9 10000 1.028666e+01
7 9 10100 8.572116e+05
7 10 10000 2.397089e+02
7 10 10001 1.235093e+01
7 11 10000 1.319566e+00
7 11 10100 8.739421e+00
7 11 10001 1.523156e+01
7 12 10000 1.181047e+00
7 12 10001 1.644424e+00
7 13 10001 6.535644e-01
7 13 10000 4.910317e-01
7 14 10000 2.401176e+00
7 14 10001 2.520572e-01
7 15 10000 7.606937e-02
7 15 10001 1.267823e-01
7 15 10002 3.486513e-01
7 16 10000 2.091908e-02
7 16 10002 2.091908e-02
7 17 00001 7.502014e-08
7 18 00001 1.000000e-99
7 19 00001 1.000000e-99
7 20 00001 1.000000e-99
7 21 00001 1.000000e-99
7 22 00001 1.000000e-99
7 23 00001 1.000000e-99
7 24 00001 1.000000e-99
7 25 00001 1.000000e-99
7 26 00001 1.000000e-99
7 27 00001 1.000000e-99
7 28 00001 1.000000e-99
7 29 00001 1.000000e-99
7 30 00001 1.000000e-99
8 0 00010 1.000000e-99
8 1 00010 1.000000e-99
8 2 00010 1.000000e-99
8 3 00010 1.000000e-99
8 4 00010 1.643230e-21
8 5 01000 2.475665e-02
8 5 01010 2.475665e-02
8 6 01000 1.018832e+02
8 7 01000 1.763563e+02
8 11 10000 3.877964e+01
8 12 10000 1.949081e+01
8 13 10000 4.934017e+00
8 14 10000 5.077177e+00
8 14 10001 1.800090e+01
8 15 10000 1.610079e-01
8 15 10001 2.139105e+00
8 16 10000 3.527733e-01
8 16 10001 2.554565e-01
8 17 00001 1.000000e-99
8 18 00001 5.770780e-08
8 19 00001 1.000000e-99
8 20 00001 1.000000e-99
8 21 00001 1.000000e-99
8 22 00001 1.000000e-99
8 23 00001 1.000000e-99
8 24 00001 1.000000e-99
8 25 00001 1.000000e-99
8 26 00001 1.000000e-99
8 27 00001 1.000000e-99
8 28 00001 1.000000e-99
8 29 00001 1.000000e-99
8 30 00001 1.000000e-99
9 0 00010 1.000000e-99
9 1 00010 1.000000e-99
9 2 00010 1.000000e-99
9 3 00010 1.000000e-99
9 4 00010 1.000000e-99
9 5 00010 1.000000e-99
9 6 00010 6.574361e-22
9 7 00010 1.643230e-20
9 8 01000 9.304036e+01
9 9 01000 9.466970e+03
9 11 10000 1.597063e+01
9 12 10000 5.998726e+00
9 13 10000 7.611108e+00
9 13 10001 6.158078e+01
9 14 10000 3.217210e+00
9 15 10000 6.332067e-01
9 15 10001 1.009911e+01
9 16 10000 1.847550e-01
9 16 10001 6.150502e-01
9 17 10000 1.745337e-02
9 17 10001 1.412136e-01
9 18 10000 5.551240e-02
9 18 10001 1.658162e-02
9 19 00001 1.000000e-99
9 20 10000 7.213475e-03
9 20 10001 7.213475e-03
9 21 00001 1.000000e-99
9 22 10001 7.213475e-07
9 22 10000 7.213475e-07
9 23 00001 1.000000e-99
9 24 00001 1.000000e-99
9 25 00001 1.000000e-99
9 26 00001 1.000000e-99
9 27 00001 1.000000e-99
9 28 00001 1.000000e-99
9 29 00001 1.000000e-99
9 30 00001 1.000000e-99
10 0 00010 1.000000e-99
10 1 00010 1.000000e-99
10 2 00010 1.000000e-99
10 3 00010 1.000000e-99
10 4 00010 1.000000e-99
10 5 00010 1.000000e-99
10 6 00020 1.298426e-20
10 7 01000 3.145075e-01
10 7 01010 3.145075e-01
10 8 01000 2.404977e+00
10 9 01000 2.484337e+01
10 13 10000 5.372596e+01
10 14 10000 2.925786e+02
10 15 10000 8.685024e-01
10 16 10000 2.849508e-01
10 16 10001 2.189080e+02
10 17 10000 4.729979e-02
10 17 10001 2.317690e+00
10 18 10000 3.470337e-02
10 18 10001 2.544914e-01
10 19 10000 4.144778e-02
10 19 10001 1.006589e-01
10 19 10002 7.046123e-01
10 20 10000 1.367907e-02
10 20 10001 9.154455e-02
10 21 10000 4.905163e-03
10 22 10000 5.049433e-03
10 23 00001 2.596851e-07
10 24 10001 1.731234e-07
10 24 10000 1.731234e-07
10 25 00001 1.000000e-99
10 26 00001 1.000000e-99
10 27 00001 1.000000e-99
10 28 00001 1.000000e-99
10 29 00001 1.000000e-99
10 30 00001 1.000000e-99
11 0 00010 1.000000e-99
11 1 00010 1.000000e-99
11 2 00010 1.000000e-99
11 3 00010 1.000000e-99
11 4 00010 1.000000e-99
11 5 00010 1.000000e-99
11 6 00010 1.000000e-99
11 7 00010 1.875504e-21
11 8 00010 5.770780e-08
11 9 01000 9.705016e-01
11 9 01100 3.869906e+00
11 10 01000 3.244640e+01
11 11 01000 1.184905e+08
11 13 10000 7.788995e+04
11 14 10000 8.526328e+01
11 15 10000 1.545559e+00
11 16 10001 3.344736e+02
11 16 10000 4.353817e-01
11 17 10000 4.451560e-02
11 17 10001 7.630588e+00
11 18 10000 1.002600e-01
11 18 10001 3.660654e-01
11 19 10000 1.319109e-01
11 19 10001 3.027353e-01
11 19 10002 7.897441e+00
11 19 10100 1.651283e+05
11 20 10002 3.888047e+00
11 20 10003 6.765201e+01
11 20 10000 5.448777e-02
11 20 10001 9.142164e-02
11 21 10000 3.696694e-02
11 21 10001 1.047397e-01
11 21 10002 3.142190e-01
11 22 10000 4.616624e-02
11 22 10001 3.929042e-02
11 22 10002 1.420500e-01
11 23 10001 8.728305e-02
11 23 10000 3.740702e-02
11 23 10002 2.618491e-02
11 24 10000 2.164043e-03
11 25 00001 2.596851e-07
11 26 10001 1.731234e-07
11 26 10000 1.731234e-07
11 27 00001 1.000000e-99
11 28 00001 1.000000e-99
11 29 00001 1.000000e-99
11 30 00001 1.000000e-99
12 0 00010 1.000000e-99
12 1 00010 1.000000e-99
12 2 00010 1.000000e-99
12 3 00010 1.000000e-99
12 4 00010 1.000000e-99
12 5 00010 1.000000e-99
12 6 00010 1.000000e-99
12 7 00010 1.000000e-99
12 8 01000 2.278984e-01
12 8 01010 6.161698e-01
12 9 01000 3.501760e-01
12 9 01010 7.186126e-01
12 9 01100 4.685354e+01
12 10 01000 5.591899e+00
12 11 01000 1.632705e+01
12 15 10000 8.187006e+02
12 16 10000 1.086263e+05
12 17 10000 1.875504e+00
12 18 10000 4.833028e-01
12 19 10000 3.462820e-01
12 19 10001 2.002325e+01
12 20 10000 1.385140e-01
12 20 10001 2.379922e+00
12 21 10000 1.730731e-01
12 21 10001 1.063163e+00
12 22 10000 2.885390e-02
12 23 10000 3.197974e-01
12 23 10001 2.951976e-01
12 24 10000 5.626511e-03
12 25 10000 3.751007e-07
12 26 10000 7.502014e-07
12 26 10001 7.502014e-07
12 27 00001 2.596851e-07
12 28 10000 4.905163e-07
12 28 10001 4.905163e-07
12 29 00001 1.000000e-99
12 30 00001 1.000000e-99
13 0 00010 1.000000e-99
13 1 00010 1.000000e-99
13 2 00010 1.000000e-99
13 3 00010 1.000000e-99
13 4 00010 1.000000e-99
13 5 00010 1.000000e-99
13 6 00010 1.000000e-99
13 7 00010 1.000000e-99
13 8 00010 5.049433e-08
13 9 01100 5.113923e+02
13 9 01000 4.611292e-01
13 9 01010 3.753338e-01
13 9 01020 1.859608e+01
13 10 01000 6.593360e-01
13 10 01010 5.338459e+01
13 11 01000 2.964318e+00
13 11 01010 1.851928e+05
13 11 01100 7.407713e+03
13 12 01000 1.036293e+01
13 13 01000 3.264838e+13
13 15 10000 1.940194e+02
13 16 10000 5.678448e+02
13 17 10000 5.222556e+00
13 18 10000 9.290956e-01
13 19 10000 4.828016e-02
13 19 10001 6.848886e+00
13 20 10000 7.133772e-02
13 20 10001 7.679296e-01
13 21 10000 1.054156e-01
13 21 10001 2.850124e-01
13 22 10000 1.194551e-01
13 22 10001 1.949005e-01
13 23 10000 2.465127e-01
13 23 10001 5.486895e-01
13 24 10000 1.543684e-02
13 25 10000 2.192896e-02
13 25 10001 2.192896e-02
13 26 10000 2.192896e-02
13 26 10001 2.192896e-02
13 27 10000 7.502014e-07
13 27 10001 7.502014e-07
13 28 10000 3.751007e-07
13 29 10001 4.905163e-07
13 29 10000 4.905163e-07
13 30 10000 4.905163e-07
13 30 10001 4.905163e-07
14 0 00010 1.000000e-99
14 1 00010 1.000000e-99
14 2 00010 1.000000e-99
14 3 00010 1.000000e-99
14 4 00010 1.000000e-99
14 5 00010 1.000000e-99
14 6 00010 1.000000e-99
14 7 00010 1.000000e-99
14 8 01000 8.121525e-02
14 8 01010 1.725824e-01
14 9 01000 4.194937e-01
14 9 01010 1.500724e-01
14 9 01020 2.959761e+00
14 10 01000 5.362892e-01
14 10 01010 6.554646e-01
14 11 01010 1.224230e+00
14 11 01000 6.592007e-01
14 12 01000 3.215777e+00
14 13 01000 5.987206e+00
14 17 10000 1.361616e+04
14 18 10000 6.965332e+09
14 19 10000 8.814867e+00
14 20 10000 3.996265e+00
14 21 10000 1.243755e+00
14 21 10001 2.363134e+01
14 22 10000 7.934823e-01
14 22 10001 7.141340e+00
14 23 10000 1.830311e-01
14 23 10001 8.936223e-01
14 24 10000 2.885390e-06
14 24 10001 2.885390e-06
14 25 10000 1.370560e-01
14 25 10001 1.370560e-01
14 26 10001 9.521787e-02
14 26 10000 9.521787e-02
14 27 10000 5.770780e-02
14 27 10001 5.770780e-02
14 28 10000 1.803369e-02
14 29 10000 1.731234e-07
14 29 10001 1.731234e-07
14 30 10000 1.038740e-06
14 30 10001 1.038740e-06
15 0 00010 1.000000e-99
15 1 00010 1.000000e-99
15 2 00010 1.000000e-99
15 3 00010 1.000000e-99
15 4 00010 1.000000e-99
15 5 00010 1.000000e-99
15 6 00010 1.000000e-99
15 7 00010 1.000000e-99
15 8 00010 1.000000e-99
15 9 00010 1.000000e-99
15 10 00010 4.328085e-08
15 11 01000 6.304578e-02
15 12 01000 3.756263e-01
15 12 01010 5.362334e+02
15 13 01000 3.895445e-01
15 13 01010 2.996432e+04
15 13 01100 4.529490e+04
15 14 01000 5.975667e+00
15 15 01000 2.162327e+02
15 17 10000 1.777742e+06
15 18 10000 3.159848e+06
15 19 10000 1.793270e+01
15 20 10000 6.823948e+01
15 21 10000 8.079092e+00
15 22 10000 3.332626e+00
15 23 10000 1.175141e+00
15 23 10001 8.617698e+00
15 24 10000 6.878146e-01
15 24 10001 1.957626e+00
15 25 10000 2.480168e-01
15 25 10001 1.321710e+00
15 26 10000 2.679291e-01
15 26 10001 6.251679e-01
15 27 10000 2.099121e-01
15 27 10001 2.099121e-01
15 28 10000 1.053167e-01
15 28 10001 1.053167e-01
15 29 10000 5.337972e-02
15 29 10001 5.337972e-02
15 30 10000 2.885390e-07
16 0 00010 1.000000e-99
16 1 00010 1.000000e-99
16 2 00010 1.000000e-99
16 3 00010 1.000000e-99
16 4 00010 1.000000e-99
16 5 00010 1.000000e-99
16 6 00010 1.000000e-99
16 7 00010 1.000000e-99
16 8 00010 1.000000e-99
16 9 00010 1.000000e-99
16 10 00020 1.139729e-07
16 11 01000 2.393590e-02
16 11 01010 1.005308e+00
16 11 01020 2.102007e+00
16 12 01000 2.744851e-01
16 12 01010 1.051530e+00
16 13 01000 7.482689e-01
16 13 01010 8.437926e-01
16 14 01000 1.699499e+00
16 15 01000 3.710625e+00
16 19 10000 1.089057e+07
16 21 10000 4.371366e+02
16 22 10000 1.474146e+04
16 23 10000 1.659099e+01
16 24 10000 1.269572e+01
16 25 10000 2.870963e+00
16 26 10000 1.485976e+00
16 27 10000 9.425608e-01
16 27 10001 1.413841e+00
16 28 10000 2.076073e-01
16 28 10001 9.457667e-01
16 29 10000 3.284327e-01
16 29 10001 2.797760e-01
16 30 10000 7.213475e-02
17 0 00010 1.000000e-99
17 1 00010 1.000000e-99
17 2 00010 1.000000e-99
17 3 00010 1.000000e-99
17 4 00010 1.000000e-99
17 5 00010 1.000000e-99
17 6 00010 1.000000e-99
17 7 00010 1.000000e-99
17 8 00010 1.000000e-99
17 9 00010 1.000000e-99
17 10 00010 1.000000e-99
17 11 00010 1.000000e-99
17 12 00010 2.885390e-08
17 13 00010 4.328085e-08
17 14 01000 2.194553e-01
17 14 01010 3.113131e+01
17 15 01000 4.306117e-01
17 15 01100 8.605343e+02
17 15 01010 1.434224e+03
17 16 01000 3.622621e+00
17 17 01000 2.201561e+00
17 19 10000 1.396958e+13
17 19 01000 7.194612e+14
17 21 10000 3.223558e+03
17 22 10000 4.864768e+03
17 23 10000 1.168583e+02
17 24 10000 5.539949e+01
17 25 10000 9.810326e+00
17 26 10000 4.515635e+00
17 27 10001 1.090677e+01
17 27 10000 9.484152e-01
17 28 10000 9.721487e-01
17 28 10001 3.078471e+00
17 29 10000 1.338821e+00
17 29 10001 8.925473e-01
17 30 10000 1.457122e-01
18 0 00010 1.000000e-99
18 1 00010 1.000000e-99
18 2 00010 1.000000e-99
18 3 00010 1.000000e-99
18 4 00010 1.000000e-99
18 5 00010 1.000000e-99
18 6 00010 1.000000e-99
18 7 00010 1.000000e-99
18 8 00010 1.000000e-99
18 9 00010 1.000000e-99
18 10 00010 1.000000e-99
18 11 00010 1.000000e-99
18 12 00010 2.885390e-08
18 13 01000 1.200714e-01
18 13 01010 5.713073e-02
18 13 01020 4.167183e-01
18 14 01000 3.068103e-01
18 14 01010 5.550164e-01
18 15 01000 5.647247e-01
18 15 01010 8.945123e-01
18 16 01000 1.219081e+00
18 17 01000 2.562235e+00
18 21 10000 1.224704e+10
18 23 10000 9.488028e+03
18 24 10000 1.497806e+09
18 25 10000 4.648363e+02
18 26 10000 1.027487e+03
18 27 10000 3.098909e+01
18 28 10000 1.211864e+01
18 29 10000 1.781627e+00
18 29 10001 8.890320e+02
18 30 10000 6.852801e-01
19 0 00010 1.000000e-99
19 1 00010 1.000000e-99
19 2 00010 1.000000e-99
19 3 00010 1.000000e-99
19 4 00010 1.000000e-99
19 5 00010 1.000000e-99
19 6 00010 1.000000e-99
19 7 00010 1.000000e-99
19 8 00010 1.000000e-99
19 9 00010 1.000000e-99
19 10 00010 1.000000e-99
19 11 00010 1.000000e-99
19 12 00010 1.000000e-99
19 13 00010 1.000000e-99
19 14 00010 3.606738e-08
19 15 00010 3.606738e-08
19 16 01000 2.587072e-01
19 16 01010 6.966216e+01
19 17 01000 4.939291e-01
19 17 01010 9.873307e+02
19 17 01100 1.451957e+04
19 18 01000 1.768751e+00
19 19 01000 6.609880e+02
19 21 10000 6.363500e+16
19 21 01000 5.281049e+17
19 23 10000 6.399160e+04
19 24 10000 1.158196e+05
19 25 10000 1.915610e+03
19 26 10000 1.541664e+03
19 27 10000 1.514830e+02
19 28 10000 2.524716e+01
19 29 10000 1.003658e+01
19 29 10001 8.703653e+02
19 30 10000 2.415071e+01
19 30 10001 3.931512e+00
20 0 00010 1.000000e-99
20 1 00010 1.000000e-99
20 2 00010 1.000000e-99
20 3 00010 1.000000e-99
20 4 00010 1.000000e-99
20 5 00010 1.000000e-99
20 6 00010 1.000000e-99
20 7 00010 1.000000e-99
20 8 00010 1.000000e-99
20 9 00010 1.000000e-99
20 10 00010 1.000000e-99
20 11 00010 1.000000e-99
20 12 00010 1.000000e-99
20 13 00010 1.000000e-99
20 14 00010 5.049433e-08
20 15 01010 7.732486e-02
20 15 01020 1.808647e+00
20 16 01000 4.968493e-01
20 16 01010 4.181586e-01
20 17 01000 2.656503e+00
20 17 01010 5.791888e-01
20 18 01000 6.347878e-01
20 19 01000 1.240722e+00
20 25 10000 2.026987e+07
20 26 20000 1.274765e+23
20 27 10000 5.654072e+05
20 28 20000 2.640132e+30
20 29 10000 7.546449e+02
20 30 10000 2.005346e+01
21 0 00010 1.000000e-99
21 1 00010 1.000000e-99
21 2 00010 1.000000e-99
21 3 00010 1.000000e-99
21 4 00010 1.000000e-99
21 5 00010 1.000000e-99
21 6 00010 1.000000e-99
21 7 00010 1.000000e-99
21 8 00010 1.000000e-99
21 9 00010 1.000000e-99
21 10 00010 1.000000e-99
21 11 00010 1.000000e-99
21 12 00010 1.000000e-99
21 13 00010 1.000000e-99
21 14 00010 1.000000e-99
21 15 00010 1.000000e-99
21 16 00010 1.000000e-99
21 17 00010 1.000000e-99
21 18 00010 4.328085e-07
21 19 01010 5.994964e+01
21 19 01100 1.318892e+03
21 19 01000 2.649974e-01
21 20 01000 8.598498e-01
21 21 01000 9.824796e-01
21 22 01000 2.021778e+04
21 23 01000 2.061975e+04
21 25 10000 1.044433e+07
21 26 10000 4.174739e+05
21 27 10000 2.268090e+05
21 28 10000 4.949598e+03
21 29 10000 1.478762e+02
21 30 10000 1.788942e+01
22 0 00010 1.000000e-99
22 1 00010 1.000000e-99
22 2 00010 1.000000e-99
22 3 00010 1.000000e-99
22 4 00010 1.000000e-99
22 5 00010 1.000000e-99
22 6 00010 1.000000e-99
22 7 00010 1.000000e-99
22 8 00010 1.000000e-99
22 9 00010 1.000000e-99
22 10 00010 1.000000e-99
22 11 00010 1.000000e-99
22 12 00010 1.000000e-99
22 13 00010 1.000000e-99
22 14 00010 1.000000e-99
22 15 00010 1.000000e-99
22 16 00010 1.000000e-99
22 17 01000 8.944712e-02
22 17 01010 8.944712e-02
22 18 01010 7.559727e-02
22 19 01000 2.319855e-01
22 19 01010 2.319855e-01
22 20 01000 2.870974e-01
22 21 01000 7.343347e-01
22 23 01000 1.601077e+04
22 29 10000 4.985954e+02
22 30 10000 1.471549e+02
23 0 00010 1.000000e-99
23 1 00010 1.000000e-99
23 2 00010 1.000000e-99
23 3 00010 1.000000e-99
23 4 00010 1.000000e-99
23 5 00010 1.000000e-99
23 6 00010 1.000000e-99
23 7 00010 1.000000e-99
23 8 00010 1.000000e-99
23 9 00010 1.000000e-99
23 10 00010 1.000000e-99
23 11 00010 1.000000e-99
23 12 00010 1.000000e-99
23 13 00010 1.000000e-99
23 14 00010 1.000000e-99
23 15 00010 1.000000e-99
23 16 00010 1.000000e-99
23 17 00010 1.000000e-99
23 18 00010 1.000000e-99
23 19 00010 7.934823e-08
23 20 01000 1.144058e-01
23 21 01000 1.601392e-01
23 22 01000 7.891573e-01
23 23 01000 6.102625e-01
23 24 01000 2.822273e+03
23 25 01000 1.991144e+06
23 27 01000 1.029781e+25
23 27 10000 1.346583e+26
23 29 10000 3.240005e+02
23 30 10000 1.335647e+02
24 0 00010 1.000000e-99
24 1 00010 1.000000e-99
24 2 00010 1.000000e-99
24 3 00010 1.000000e-99
24 4 00010 1.000000e-99
24 5 00010 1.000000e-99
24 6 00010 1.000000e-99
24 7 00010 1.000000e-99
24 8 00010 1.000000e-99
24 9 00010 1.000000e-99
24 10 00010 1.000000e-99
24 11 00010 1.000000e-99
24 12 00010 1.000000e-99
24 13 00010 1.000000e-99
24 14 00010 1.000000e-99
24 15 00010 1.000000e-99
24 16 00010 1.000000e-99
24 17 00010 1.000000e-99
24 18 01000 6.660926e-01
24 18 01010 3.951397e-02
24 19 01000 4.731490e-01
24 19 01010 6.904470e-02
24 19 01020 7.876931e-01
24 19 01030 6.990776e+01
24 20 01010 5.028004e-01
24 20 01000 8.185123e-02
24 21 01000 1.800062e-01
24 21 01010 3.432677e-01
24 22 01000 3.751021e-01
24 23 01000 7.213503e-01
24 24 01000 1.027427e+05
24 25 01000 3.662480e+03
25 0 00010 1.000000e-99
25 1 00010 1.000000e-99
25 2 00010 1.000000e-99
25 3 00010 1.000000e-99
25 4 00010 1.000000e-99
25 5 00010 1.000000e-99
25 6 00010 1.000000e-99
25 7 00010 1.000000e-99
25 8 00010 1.000000e-99
25 9 00010 1.000000e-99
25 10 00010 1.000000e-99
25 11 00010 1.000000e-99
25 12 00010 1.000000e-99
25 13 00010 1.000000e-99
25 14 00010 1.000000e-99
25 15 00010 1.000000e-99
25 16 00010 1.000000e-99
25 17 00010 1.000000e-99
25 18 00010 1.000000e-99
25 19 01000 3.029660e-07
25 19 00010 3.029660e-07
25 20 00010 1.000000e-99
25 21 01000 1.906841e-01
25 21 01010 1.438494e-01
25 22 01000 1.313485e-01
25 22 01010 7.595032e+00
25 23 01000 2.292288e-01
25 23 01010 8.163770e+01
25 23 01100 3.809760e+04
25 24 01000 5.511116e-01
25 25 01000 4.082843e-01
25 26 01000 3.999584e+03
25 27 01000 6.969275e+05
25 29 01000 3.867095e+07
25 29 10000 1.341710e+13
26 0 00010 1.000000e-99
26 1 00010 1.000000e-99
26 2 00010 1.000000e-99
26 3 00010 1.000000e-99
26 4 00010 1.000000e-99
26 5 00010 1.000000e-99
26 6 00010 1.000000e-99
26 7 00010 1.000000e-99
26 8 00010 1.000000e-99
26 9 00010 1.000000e-99
26 10 00010 1.000000e-99
26 11 00010 1.000000e-99
26 12 00010 1.000000e-99
26 13 00010 1.000000e-99
26 14 00010 1.000000e-99
26 15 00010 1.000000e-99
26 16 00010 1.000000e-99
26 17 00010 1.000000e-99
26 18 00010 1.000000e-99
26 19 01010 2.726694e-03
26 19 01020 3.499258e-02
26 19 01030 8.270973e-02
26 19 00020 3.899172e-03
26 20 01000 1.573487e-01
26 20 01010 4.258612e-02
26 21 01000 5.131469e-01
26 21 01010 6.733602e-02
26 22 01000 9.006597e-02
26 22 01010 4.763867e-01
26 23 01000 3.378005e-01
26 23 01010 2.579676e-01
26 24 01000 2.236185e-01
26 25 01000 4.400237e-01
26 26 01000 4.300197e+04
26 27 01000 7.366865e+02
