# Pair production loss rate against the IRB (Kneiske et al. 2004)
# Proton energy [eV], energy loss rate [eV/Mpc]
   999999999999999.        1843706.34071740
  1.263133563976835E+015   3598225.78891541
  1.595506400444822E+015   6782484.45410769
  2.015337685941736E+015   12295542.7374025
  2.545640673860415E+015   21392401.7040979
  3.215484176977701E+015   35721726.6790482
  4.061585988376967E+015   57376504.2183349
  5.130325584896979E+015   88996755.7885973
  6.480286440412515E+015   134079284.377045
  8.185467307069025E+015   197514289.257440
  1.033933849239397E+016   286618525.049436
  1.305996547906049E+016   412425897.288221
  1.649648074098012E+016   591371964.584628
  2.083725851142961E+016   847531087.029500
  2.632024060704875E+016   1216664257.62894
  3.324597932270934E+016   1757614724.58031
  4.199411234979405E+016   2588497598.51822
  5.304417279843941E+016   3988506823.51958
  6.700187503509592E+016   6629563652.71638
  8.463231720621131E+016   11994357289.1843
  1.069019204602998E+017   22976462071.0626
  1.350314037869868E+017   44572212947.1647
  1.705626983142531E+017   84492185289.1777
  2.154434690031884E+017   153542237488.742
  2.721338768375304E+017   265730833445.715
  3.437414337286232E+017   438026315154.268
  4.341913422721464E+017   689835020356.765
  5.484416576121026E+017   1042453106396.03
  6.927550656129389E+017   1518514390482.88
  8.750421749906785E+017   2141373501830.65
  1.105295141126018E+018   2934816414350.20
  1.396135390856797E+018   3922428244554.11
  1.763505472047140E+018   5128267348290.18
  2.227542951999557E+018   6577020876196.59
  2.813684267870683E+018   8292869478271.41
  3.554059037181050E+018   10301907620348.6
  4.489251258218615E+018   12626505776984.4
  5.670523941381175E+018   15297363338054.4
  7.162629115692781E+018   18338802151501.9
  9.047357242349277E+018   21784372686609.7
  1.142802059810028E+019   25655586871686.6
  1.443511638727921E+019   29972064323831.0
  1.823348000868442E+019   34802625510705.9
  2.303132058706994E+019   40151712945031.4
  2.909163405623874E+019   46030300730764.7
  3.674661940736675E+019   52445858462946.9
  4.641588833612786E+019   59491396168771.5
  5.862946645916405E+019   67217046470449.4
  7.405684692262427E+019   75562869811437.1
  9.354368899026140E+019   84622411754254.1
  1.181581732618096E+020   94347327336479.6
  1.492495545051831E+020   104882733371091.
  1.885221217040871E+020   116084127050406.
  2.381286194765583E+020   128166215915689.
  3.007882518043090E+020   140883794577826.
  3.799357365039416E+020   154550172938578.
  4.799095809323879E+020   168933016575650.
  6.061898993497570E+020   184236373523521.
  7.656988080124182E+020   200382139915488.
  9.671798642975480E+020   217440932042565.
  1.221677348996795E+021   235226309423933.
  1.543141663868094E+021   254003753501765.
  1.949194029602851E+021   273797068507198.
  2.462092401494620E+021   294857854920908.
  3.109951549940209E+021   317582869426178.
  3.928284185071262E+021   343383684742157.
  4.961947603002905E+021   375537027368770.
  6.267602560047379E+021   422440702222290.
  7.916819159262988E+021   505690425823920.
  1.000000000000003E+022   679704043997171.
