# Inverse mean free path for photo-pion interactions with the IRO model of Kneiske et al. 2004
# log10(gamma)	1/lambda_proton [1/Mpc]	1/lambda_neutron [1/Mpc]
6.92	1.154400e-10	1.177056e-10
6.96	2.588438e-10	2.642749e-10
7.00	5.348470e-10	5.468489e-10
7.04	1.032925e-09	1.057813e-09
7.08	1.887042e-09	1.935839e-09
7.12	3.309116e-09	3.400027e-09
7.16	5.571877e-09	5.733453e-09
7.20	9.005852e-09	9.280371e-09
7.24	1.398644e-08	1.443263e-08
7.28	2.091630e-08	2.161308e-08
7.32	3.022966e-08	3.127813e-08
7.36	4.234262e-08	4.386641e-08
7.40	5.765440e-08	5.979762e-08
7.44	7.641691e-08	7.932774e-08
7.48	9.873619e-08	1.025496e-07
7.52	1.247974e-07	1.296220e-07
7.56	1.548930e-07	1.608019e-07
7.60	1.895679e-07	1.966037e-07
7.64	2.298804e-07	2.380609e-07
7.68	2.772381e-07	2.865770e-07
7.72	3.336991e-07	3.442407e-07
7.76	4.018425e-07	4.136883e-07
7.80	4.846300e-07	4.979825e-07
7.84	5.852652e-07	6.004468e-07
7.88	7.068807e-07	7.243172e-07
7.92	8.527140e-07	8.729553e-07
7.96	1.025807e-06	1.049508e-06
8.00	1.229068e-06	1.256984e-06
8.04	1.465572e-06	1.498518e-06
8.08	1.737522e-06	1.776280e-06
8.12	2.046646e-06	2.091897e-06
8.16	2.393917e-06	2.446111e-06
8.20	2.779332e-06	2.838600e-06
8.24	3.201633e-06	3.267720e-06
8.28	3.658026e-06	3.730091e-06
8.32	4.144337e-06	4.220951e-06
8.36	4.654775e-06	4.733794e-06
8.40	5.181613e-06	5.260019e-06
8.44	5.715639e-06	5.789581e-06
8.48	6.246813e-06	6.311558e-06
8.52	6.764104e-06	6.813921e-06
8.56	7.258387e-06	7.286868e-06
8.60	7.723781e-06	7.724057e-06
8.64	8.156518e-06	8.121722e-06
8.68	8.555274e-06	8.478781e-06
8.72	8.920022e-06	8.795644e-06
8.76	9.252828e-06	9.075360e-06
8.80	9.559192e-06	9.324704e-06
8.84	9.847420e-06	9.553446e-06
8.88	1.012763e-05	9.773809e-06
8.92	1.041208e-05	1.000002e-05
8.96	1.071478e-05	1.024811e-05
9.00	1.105003e-05	1.053446e-05
9.04	1.143194e-05	1.087525e-05
9.08	1.187330e-05	1.128458e-05
9.12	1.238356e-05	1.177257e-05
9.16	1.297011e-05	1.234673e-05
9.20	1.363547e-05	1.300913e-05
9.24	1.437867e-05	1.375783e-05
9.28	1.519682e-05	1.458821e-05
9.32	1.608318e-05	1.549114e-05
9.36	1.702984e-05	1.645602e-05
9.40	1.802978e-05	1.747268e-05
9.44	1.907890e-05	1.853415e-05
9.48	2.018514e-05	1.964634e-05
9.52	2.137207e-05	2.083132e-05
9.56	2.268265e-05	2.213180e-05
9.60	2.418506e-05	2.361738e-05
9.64	2.596251e-05	2.537390e-05
9.68	2.814660e-05	2.753812e-05
9.72	3.094361e-05	3.032466e-05
9.76	3.463052e-05	3.402275e-05
9.80	3.959347e-05	3.903514e-05
9.84	4.630111e-05	4.585030e-05
9.88	5.533550e-05	5.507398e-05
9.92	6.744623e-05	6.748420e-05
9.96	8.343524e-05	8.391820e-05
10.00	1.041017e-04	1.052189e-04
10.04	1.301196e-04	1.320822e-04
10.08	1.620086e-04	1.650674e-04
10.12	2.001034e-04	2.045146e-04
10.16	2.443901e-04	2.503932e-04
10.20	2.943121e-04	3.020993e-04
10.24	3.485951e-04	3.582179e-04
10.28	4.054985e-04	4.168313e-04
10.32	4.634509e-04	4.761730e-04
10.36	5.213246e-04	5.349436e-04
10.40	5.782409e-04	5.921263e-04
10.44	6.333434e-04	6.467111e-04
10.48	6.858251e-04	6.977474e-04
10.52	7.348182e-04	7.442809e-04
10.56	7.795913e-04	7.855407e-04
10.60	8.193804e-04	8.207670e-04
10.64	8.536020e-04	8.494550e-04
10.68	8.820070e-04	8.714397e-04
10.72	9.045431e-04	8.868474e-04
10.76	9.213374e-04	8.960799e-04
10.80	9.325484e-04	8.995792e-04
10.84	9.384447e-04	8.978531e-04
10.88	9.394788e-04	8.915266e-04
10.92	9.361193e-04	8.812278e-04
10.96	9.288414e-04	8.675976e-04
11.00	9.181789e-04	8.513088e-04
11.04	9.046722e-04	8.329946e-04
11.08	8.888481e-04	8.132458e-04
11.12	8.712151e-04	7.925924e-04
11.16	8.522373e-04	7.714797e-04
11.20	8.323501e-04	7.503039e-04
11.24	8.119567e-04	7.294003e-04
11.28	7.913874e-04	7.090135e-04
11.32	7.709137e-04	6.893231e-04
11.36	7.507672e-04	6.704568e-04
11.40	7.311540e-04	6.525255e-04
11.44	7.123406e-04	6.357082e-04
11.48	6.945482e-04	6.201489e-04
11.52	6.778830e-04	6.058820e-04
11.56	6.623678e-04	5.928660e-04
11.60	6.479801e-04	5.810185e-04
11.64	6.346567e-04	5.702356e-04
11.68	6.223353e-04	5.604195e-04
11.72	6.109520e-04	5.514761e-04
11.76	6.004402e-04	5.433233e-04
11.80	5.907775e-04	5.359193e-04
11.84	5.819333e-04	5.292316e-04
11.88	5.738354e-04	5.231909e-04
11.92	5.664238e-04	5.177343e-04
11.96	5.596546e-04	5.128038e-04
12.00	5.534764e-04	5.083476e-04
12.04	5.478280e-04	5.043187e-04
12.08	5.426612e-04	5.006756e-04
12.12	5.379330e-04	4.973871e-04
12.16	5.336055e-04	4.944246e-04
12.20	5.296453e-04	4.917625e-04
12.24	5.260207e-04	4.893762e-04
12.28	5.227047e-04	4.872443e-04
12.32	5.196766e-04	4.853508e-04
12.36	5.169173e-04	4.836812e-04
12.40	5.144117e-04	4.822236e-04
12.44	5.121465e-04	4.809677e-04
12.48	5.101100e-04	4.799045e-04
12.52	5.082923e-04	4.790263e-04
12.56	5.066846e-04	4.783267e-04
12.60	5.052792e-04	4.777987e-04
12.64	5.040683e-04	4.774366e-04
12.68	5.030441e-04	4.772338e-04
12.72	5.021995e-04	4.771847e-04
12.76	5.015262e-04	4.772811e-04
12.80	5.010159e-04	4.775170e-04
12.84	5.006601e-04	4.778845e-04
12.88	5.004489e-04	4.783742e-04
12.92	5.003747e-04	4.789796e-04
12.96	5.004261e-04	4.796899e-04
13.00	5.005942e-04	4.804972e-04
13.04	5.008703e-04	4.813930e-04
13.08	5.012447e-04	4.823687e-04
13.12	5.017101e-04	4.834176e-04
13.16	5.022601e-04	4.845337e-04
13.20	5.028916e-04	4.857145e-04
13.24	5.036004e-04	4.869564e-04
13.28	5.043859e-04	4.882590e-04
13.32	5.052475e-04	4.896225e-04
13.36	5.061834e-04	4.910453e-04
13.40	5.071907e-04	4.925250e-04
13.44	5.082675e-04	4.940602e-04
13.48	5.094072e-04	4.956447e-04
13.52	5.106062e-04	4.972754e-04
13.56	5.118477e-04	4.989359e-04
13.60	5.131001e-04	5.005954e-04
13.64	5.143277e-04	5.022187e-04
13.68	5.154517e-04	5.037284e-04
13.72	5.164164e-04	5.050694e-04
13.76	5.171499e-04	5.061707e-04
13.80	5.174395e-04	5.068221e-04
13.84	5.171312e-04	5.068713e-04
13.88	5.159477e-04	5.060438e-04
13.92	5.135378e-04	5.039916e-04
13.96	5.096037e-04	5.004201e-04
14.00	5.035693e-04	4.947585e-04
