# Pion production rate for protons and neutrons against the IRB (Kneiske et al. 2004)
# Energy [EeV], rate (protons) [1/Mpc], rate (neutrons) [1/Mpc]
0.144544 0.000001 0.000001
0.158489 0.000001 0.000001
 0.17378 0.000002 0.000002
0.190546 0.000002 0.000002
 0.20893 0.000002 0.000002
0.229087 0.000003 0.000003
0.251189 0.000003 0.000003
0.275423 0.000003 0.000003
0.301995 0.000004 0.000004
0.331131 0.000004 0.000004
0.363078 0.000004 0.000004
0.398107 0.000005 0.000005
0.436516 0.000005 0.000005
 0.47863 0.000006 0.000006
0.524807 0.000006 0.000006
 0.57544 0.000006 0.000006
0.630957 0.000007 0.000007
0.691831 0.000007 0.000007
0.758578 0.000007 0.000007
0.831764 0.000008 0.000007
0.912011 0.000008 0.000007
       1 0.000008 0.000008
 1.09648 0.000008 0.000008
 1.20226 0.000009 0.000008
 1.31826 0.000009 0.000008
 1.44544 0.000009 0.000009
 1.58489 0.000010 0.000009
  1.7378 0.000010 0.000009
 1.90546 0.000011 0.000010
  2.0893 0.000011 0.000011
 2.29087 0.000012 0.000011
 2.51189 0.000012 0.000012
 2.75423 0.000013 0.000013
 3.01995 0.000014 0.000013
 3.31131 0.000015 0.000014
 3.63078 0.000016 0.000015
 3.98107 0.000017 0.000016
 4.36516 0.000018 0.000017
  4.7863 0.000019 0.000018
 5.24807 0.000020 0.000019
  5.7544 0.000020 0.000020
 6.30957 0.000024 0.000021
 6.91831 0.000026 0.000025
 7.58578 0.000028 0.000028
 8.31764 0.000033 0.000033
 9.12011 0.000039 0.000039
      10 0.000047 0.000047
 10.9648 0.000058 0.000058
 12.0226 0.000072 0.000072
 13.1826 0.000087 0.000091
 14.4544 0.000113 0.000114
 15.8489 0.000139 0.000142
  17.378 0.000169 0.000173
 19.0546 0.000204 0.000208
  20.893 0.000241 0.000246
 22.9087 0.000282 0.000288
 25.1189 0.000326 0.000331
 27.5423 0.000373 0.000378
 30.1995 0.000415 0.000421
 33.1131 0.000459 0.000463
 36.3078 0.000503 0.000503
 39.8107 0.000544 0.000541
 43.6516 0.000584 0.000567
  47.863 0.000616 0.000606
 52.4807 0.000648 0.000616
  57.544 0.000683 0.000660
 63.0957 0.000721 0.000677
 69.1831 0.000731 0.000695
 75.8578 0.000737 0.000697
 83.1764 0.000741 0.000694
 91.2011 0.000761 0.000705
     100 0.000756 0.000728
 109.648 0.000758 0.000695
 120.226 0.000749 0.000692
 131.826 0.000753 0.000682
 144.544 0.000742 0.000671
 158.489 0.000728 0.000661
  173.78 0.000723 0.000644
 190.546 0.000713 0.000638
  208.93 0.000697 0.000623
 229.087 0.000678 0.000612
 251.189 0.000668 0.000583
 275.423 0.000642 0.000586
 301.995 0.000643 0.000578
 331.131 0.000623 0.000557
 363.078 0.000617 0.000553
 398.107 0.000605 0.000543
 436.516 0.000601 0.000546
  478.63 0.000590 0.000532
 524.807 0.000585 0.000529
  575.44 0.000572 0.000519
 630.957 0.000566 0.000513
 691.831 0.000555 0.000507
 758.578 0.000552 0.000504
 831.764 0.000544 0.000497
 912.011 0.000546 0.000500
    1000 0.000532 0.000489
 1096.48 0.000531 0.000489
 1202.26 0.000525 0.000485
 1318.26 0.000521 0.000482
 1445.44 0.000518 0.000480
 1584.89 0.000515 0.000477
  1737.8 0.000512 0.000476
 1905.46 0.000509 0.000474
  2089.3 0.000505 0.000472
 2290.87 0.000502 0.000472
 2511.89 0.000500 0.000469
 2754.23 0.000499 0.000469
 3019.95 0.000497 0.000467
 3311.31 0.000495 0.000466
 3630.78 0.000491 0.000464
 3981.07 0.000490 0.000464
 4365.16 0.000489 0.000463
  4786.3 0.000486 0.000461
 5248.07 0.000483 0.000458
  5754.4 0.000480 0.000457
 6309.57 0.000475 0.000452
 6918.31 0.000469 0.000448
 7585.78 0.000461 0.000441
 8317.64 0.000452 0.000433
 9120.11 0.000441 0.000422
