# Radio background, Biermann 1996
# http://arxiv.org/abs/astro-ph/9605119
# taken from figure 5., caution: contains unsorted values
# log10(nu/GHz), log10(I_nu) [W/m^2/Hz/sr] (radio, normal, normal(no evolution))
-0.208012  -22.2356  -22.2392  -22.964
-0.251156  -22.1996  -22.1996  -22.9101
-0.305085  -22.1547  -22.1533  -22.8741
-0.348228  -22.1187  -22.1162  -22.8291
-0.380586  -22.0917  -22.0884  -22.7932
-0.434515  -22.0468  -22.042  -22.7482
-0.49923  -21.9986  -21.9863  -22.6853
-0.553159  -21.9594  -21.94  -22.6493
-0.607088  -21.9202  -21.8921  -22.5953
-0.650231  -21.8888  -21.8489  -22.5504
-0.714946  -21.8418  -21.786  -22.4874
-0.790447  -21.7869  -21.723  -22.4335
-0.844376  -21.7477  -21.6781  -22.3795
-0.898305  -21.7084  -21.6331  -22.3345
-0.930663  -21.6848  -21.5836  -22.2986
-0.984592  -21.6459  -21.5162  -22.2536
-1.04931  -21.5988  -21.4622  -22.2086
-1.09245  -21.5661  -21.4279  -22.1637
-1.15716  -21.5175  -21.3837  -22.1097
-1.20031  -21.4866  -21.3543  -22.0558
-1.26502  -21.4442  -21.2955  -22.0018
-1.31895  -21.409  -21.2464  -21.9568
-1.37288  -21.3678  -21.1974  -21.9119
-1.4376  -21.3183  -21.1385  -21.8399
-1.5131  -21.2711  -21.0755  -21.795
-1.57781  -21.2307  -21.0199  -21.732
-1.63174  -21.1969  -20.9709  -21.6871
-1.68567  -21.1632  -20.9227  -21.6331
-1.75039  -21.1228  -20.8687  -21.5791
-1.8151  -21.0823  -20.8147  -21.5342
-1.87982  -21.0418  -20.7608  -21.4802
-1.93374  -21.0096  -20.7165  -21.4353
-2.02003  -20.9616  -20.6501  -21.3813
-2.08475  -20.9297  -20.6031  -21.3363
-2.14946  -20.9007  -20.5616  -21.2914
-2.21418  -20.8767  -20.5187  -21.2374
-2.28968  -20.8537  -20.461  -21.1924
-2.35439  -20.8357  -20.4131  -21.1385
-2.41911  -20.8197  -20.3681  -21.0935
-2.53775  -20.8022  -20.2945  -21.0306
-2.63482  -20.8013  -20.2379  -20.9766
-2.7319  -20.8147  -20.1801  -20.9227
-2.87211  -20.8717  -20.1079  -20.8597
-2.99076  -20.9159  -20.0476  -20.7968
-3.09861  -20.9856  -19.9952  -20.7428
-3.22804  -21.0935  -19.9384  -20.6799
-3.3359  -21.1924  -19.8975  -20.6349
-3.42219  -21.2764  -19.8713  -20.6079
-3.53005  -21.4013  -19.8475  -20.5719
-3.6379  -21.5342  -19.8275  -20.536
-3.74576  -21.6736  -19.8193  -20.536
-3.84284  -21.8094  -19.821  -20.509
-3.95069  -21.9748  -19.8405  -20.509
-4.04777  -22.1133  -19.8725  -20.536
-4.15562  -22.2878  -19.9185  -20.5629
-4.2527  -22.4245  -19.9634  -20.5989
-4.34977  -22.6079  -20.0324  -20.6439
-4.43606  -22.7412  -20.0953  -20.6978
-4.51156  -22.8741  -20.1673  -20.7608
-4.58706  -23.0157  -20.2302  -20.8237
-4.65177  -23.1371  -20.3022  -20.8957
-4.71649  -23.2585  -20.3741  -20.9586
-4.79199  -23.4002  -20.4622  -21.0306
-4.84592  -23.5013  -20.539  -21.1025
-4.91063  -23.6228  -20.6151  -21.1835
-4.96456  -23.7239  -20.6942  -21.2554
-5.01849  -23.8251  -20.772  -21.3363
-5.13713  -24.0477  -20.9622  -21.5252
-5.18028  -24.1286  -21.0351  -21.6061
-5.23421  -24.2298  -21.1362  -21.6871
-5.27735  -24.3107  -21.205  -21.768
-5.33128  -24.4119  -21.2981  -21.8489
-5.37442  -24.4928  -21.3839  -21.9299
-5.41757  -24.5737  -21.4712  -22.0108
-5.46071  -24.6547  -21.5522  -22.0917
-5.50385  -24.7356  -21.6331  -22.1727
-5.547  -24.8165  -21.723  -22.2626
-5.57935  -24.8772  -21.7837  -22.3435
-5.6225  -24.9582  -21.8849  -22.4245
-5.66564  -25.0391  -21.9658  -22.5054
-5.698  -25.0998  -22.0333  -22.5953
-5.74114  -25.1808  -22.1367  -22.6763
-5.78428  -25.2617  -22.2176  -22.7572
-5.85978  -25.4033  -22.3885  -22.9281
-5.81664  -25.3224  -22.3076  -22.8471
0.61171  -22.8959  -22.964  -23.9892
0.48228  -22.8034  -22.8741  -23.8273
0.363636  -22.7085  -22.7842  -23.679
0.234206  -22.6017  -22.6673  -23.5171
0.0508475  -22.4514  -22.5054  -23.2878
-0.0570108  -22.3615  -22.3975  -23.1529
-0.143297  -22.2896  -22.2986  -23.045
-0.251156  -22.1996  -22.1996  -22.9101
-0.596302  -21.928  -21.9029  -22.6061
-0.70416  -21.8496  -21.795  -22.4979
-0.898305  -21.7084  -21.6331  -22.3345
-0.96302  -21.6614  -21.5342  -22.2716
-1.08166  -21.5742  -21.4353  -22.1749
-1.20031  -21.4866  -21.3543  -22.0558
-1.31895  -21.409  -21.2464  -21.9568
-1.4376  -21.3183  -21.1385  -21.8399
-1.55624  -21.2442  -21.0396  -21.753
-1.67488  -21.17  -20.9317  -21.6439
-1.80431  -21.089  -20.8237  -21.5417
-1.92296  -21.0156  -20.7248  -21.4442
-2.06317  -20.9396  -20.6169  -21.3513
-2.20339  -20.8807  -20.527  -21.2464
-2.33282  -20.8417  -20.4281  -21.1565
-2.46225  -20.8118  -20.3381  -21.0706
-2.60247  -20.7968  -20.2572  -20.9946
-2.75347  -20.8247  -20.1673  -20.913
-2.91525  -20.8837  -20.0863  -20.8368
-3.05547  -20.9564  -20.0144  -20.7644
-3.21726  -21.0845  -19.9424  -20.6851
-3.3359  -21.1924  -19.8975  -20.6349
-3.45455  -21.3124  -19.8615  -20.5971
-3.55162  -21.4273  -19.8435  -20.5647
-3.64869  -21.5486  -19.8255  -20.536
-3.78891  -21.7302  -19.8165  -20.524
-3.89676  -21.8849  -19.8255  -20.509
-3.99384  -22.036  -19.8525  -20.521
-4.09091  -22.1817  -19.8885  -20.5468
-4.18798  -22.3363  -19.9335  -20.5749
-4.28505  -22.5  -19.9784  -20.6139
-4.36055  -22.6223  -20.0414  -20.6506
-4.43606  -22.7412  -20.0953  -20.6978
-4.51156  -22.8741  -20.1673  -20.7608
-4.58706  -23.0157  -20.2302  -20.8237
-4.65177  -23.1371  -20.3022  -20.8957
-4.71649  -23.2585  -20.3741  -20.9586
-4.7812  -23.3799  -20.446  -21.0203
-4.83513  -23.4811  -20.527  -21.0881
-4.89985  -23.6025  -20.5989  -21.17
-4.95378  -23.7037  -20.6799  -21.241
-5.0077  -23.8049  -20.7518  -21.3201
-5.05085  -23.8858  -20.8327  -21.3878
-5.10478  -23.987  -20.9137  -21.4737
-5.15871  -24.0881  -20.9946  -21.5656
-5.20185  -24.1691  -21.0755  -21.6385
-5.24499  -24.25  -21.1565  -21.7073
-5.29892  -24.3512  -21.2374  -21.8004
-5.34206  -24.4321  -21.3183  -21.8692
-5.41757  -24.5737  -21.4712  -22.0108
-5.46071  -24.6547  -21.5522  -22.0917
-5.50385  -24.7356  -21.6331  -22.1727
-5.547  -24.8165  -21.723  -22.2626
-5.59014  -24.8975  -21.804  -22.3638
-5.6225  -24.9582  -21.8849  -22.4245
-5.66564  -25.0391  -21.9658  -22.5054
-5.70878  -25.1201  -22.0558  -22.6156
-5.74114  -25.1808  -22.1367  -22.6763
-5.78428  -25.2617  -22.2176  -22.7572
-5.81664  -25.3224  -22.3076  -22.8471
-5.85978  -25.4033  -22.3885  -22.9281
-5.90293  -25.4843  -22.4694  -23.009
-5.93529  -25.545  -22.5594  -23.0697
-5.97843  -25.6259  -22.6403  -23.1506
-4.5547  -22.955  -20.2032  -20.7968
-4.51156  -22.8741  -20.1673  -20.7608
-4.41448  -22.7032  -20.0799  -20.6844
-4.36055  -22.6223  -20.0414  -20.6506
-4.30663  -22.5504  -19.9964  -20.6239
-4.2527  -22.4245  -19.9634  -20.5989
-4.19877  -22.3525  -19.9384  -20.5789
-4.14484  -22.2716  -19.9135  -20.5603
-4.06934  -22.1457  -19.8805  -20.5414
-4.01541  -22.0647  -19.8605  -20.527
-3.96148  -21.9928  -19.8435  -20.512
-3.88598  -21.8669  -19.8246  -20.509
-3.83205  -21.795  -19.8201  -20.512
-3.77812  -21.714  -19.8172  -20.527
-3.69183  -21.6061  -19.8228  -20.536
-3.6379  -21.5342  -19.8275  -20.536
-3.57319  -21.4532  -19.8395  -20.5576
-3.47612  -21.3363  -19.8575  -20.5899
-3.4114  -21.2644  -19.8746  -20.6113
-3.3359  -21.1924  -19.8975  -20.6349
-3.23883  -21.1025  -19.9343  -20.6754
-3.16333  -21.0396  -19.9664  -20.7113
-3.08783  -20.9766  -20  -20.7482
-2.9584  -20.8957  -20.0642  -20.8139
-2.86133  -20.8687  -20.1133  -20.8646
-2.82897  -20.8597  -20.1295  -20.8791
-2.7319  -20.8147  -20.1801  -20.9227
-2.60247  -20.7968  -20.2572  -20.9946
-2.49461  -20.8058  -20.3195  -21.0535
-2.39753  -20.8237  -20.3831  -21.1085
-2.23575  -20.8687  -20.5022  -21.2246
-2.13867  -20.9047  -20.5685  -21.2989
-2.0416  -20.9496  -20.6335  -21.3663
-1.91217  -21.0216  -20.7338  -21.4532
-1.82589  -21.0755  -20.8058  -21.5252
-1.7396  -21.1295  -20.8777  -21.5881
-1.61017  -21.2104  -20.9905  -21.705
-1.52388  -21.2644  -21.0665  -21.7845
-1.4376  -21.3183  -21.1385  -21.8399
-1.30817  -21.4173  -21.2562  -21.9658
-1.22188  -21.4712  -21.3347  -22.0378
-1.14638  -21.5252  -21.3911  -22.1187
-1.02773  -21.6151  -21.4802  -22.2236
-0.952234  -21.6691  -21.5507  -22.2806
-0.865948  -21.732  -21.6601  -22.3615
-0.4453  -22.0378  -22.0327  -22.7377
-0.3698  -22.1007  -22.0976  -22.8052
-0.294299  -22.1637  -22.1625  -22.8813
0.212635  -22.5863  -22.6482  -23.4901
0.288136  -22.6403  -22.716  -23.5845
0.417565  -22.7572  -22.825  -23.7464
0.493066  -22.8112  -22.8816  -23.8408
