0.0912011 0.146327 0.0538109 0.0139415 0.0785743 1e-30
0.1 0.131054 0.11538 0.0156736 1e-30 1e-30
0.109648 0.130068 0.11318 0.0168874 1e-30 1e-30
0.120226 0.403343 0.371887 0.0314557 1e-30 1e-30
0.131826 0.813023 0.759546 0.0534772 1e-30 1e-30
0.144544 0.9621 0.903926 0.0581734 1e-30 1e-30
0.158489 0.913185 0.853518 0.0596663 1e-30 1e-30
0.17378 0.912818 0.850461 0.0623577 1e-30 1e-30
0.190546 0.914023 0.85094 0.0630828 1e-30 1e-30
0.20893 0.859041 0.802721 0.0563206 1e-30 1e-30
0.229087 0.953046 0.900293 0.0527526 1e-30 1e-30
0.251189 0.812273 0.753695 0.0585789 1e-30 1e-30
0.275423 1.01787 0.943432 0.0744419 1.13619e-13 1e-30
0.301995 1.33135 1.23172 0.0996252 5.0696e-07 1e-30
0.331131 1.5694 1.4604 0.108997 4.46292e-06 1e-30
0.363078 2.2353 2.08506 0.150232 4.6946e-06 1e-30
0.398107 3.40376 3.18583 0.217854 8.17467e-05 1e-30
0.436516 4.67206 4.39024 0.281698 0.000127262 1e-30
0.47863 5.34136 5.03207 0.308955 0.000327415 1e-30
0.524807 5.77591 5.4623 0.313071 0.000547349 1e-30
0.57544 6.08658 5.77793 0.307874 0.000779968 1e-30
0.630957 6.20871 5.91633 0.291449 0.000938219 1e-30
0.691831 6.72967 6.43987 0.288862 0.000933502 1e-30
0.758578 6.82454 6.56197 0.261751 0.000820213 1e-30
0.831764 6.85193 6.61246 0.23878 0.000687381 1e-30
0.912011 7.0373 6.82255 0.214158 0.000588525 1e-30
1 6.63699 6.45393 0.182329 0.000728238 1e-30
1.09648 6.57011 6.41258 0.156522 0.00101027 1e-30
1.20226 6.53741 6.39846 0.137599 0.00135492 1e-30
1.31826 6.36935 6.25136 0.116156 0.00182772 1e-30
1.44544 6.24377 6.14091 0.100525 0.00233196 1e-30
1.58489 6.04991 5.96427 0.0828561 0.00277976 1e-30
1.7378 5.21401 5.14934 0.061511 0.00316168 1e-30
1.90546 4.36503 4.31725 0.0439514 0.00382475 1e-30
2.0893 3.37624 3.34401 0.0280278 0.00419681 1e-30
2.29087 2.44342 2.42144 0.0171415 0.00484558 1e-30
2.51189 1.92002 1.90377 0.0107005 0.00555012 1e-30
2.75423 1.60449 1.59052 0.00766118 0.0063081 1e-30
3.01995 1.39085 1.34911 0.0051647 0.0365777 1e-30
3.31131 1.0906 1.05108 0.00353377 0.0359858 1e-30
3.63078 0.846236 0.834548 0.00176673 0.00992056 1e-30
3.98107 0.625146 0.613076 0.00100838 0.0110616 1e-30
4.36516 0.468708 0.455071 0.000568246 0.0130694 1e-30
4.7863 0.372029 0.353737 0.000301703 0.0179901 1e-30
5.24807 0.328298 0.292484 0.000232151 0.0355816 1e-30
5.7544 0.37857 0.236323 0.000382488 0.141864 1e-30
6.30957 0.351742 0.191635 0.000246562 0.15986 1e-30
6.91831 0.427507 0.148959 0.000263908 0.278284 1e-30
7.58578 0.419832 0.116877 0.000181606 0.302773 1e-30
8.31764 0.201272 0.0869247 4.7834e-05 0.114299 1e-30
9.12011 0.117684 0.0720059 2.60447e-05 0.0456522 1e-30
10 0.104952 0.0601637 8.70712e-06 0.0447795 1e-30
10.9648 0.111358 0.0539059 5.82303e-06 0.0574466 1e-30
12.0226 0.0863922 0.0397199 3.24954e-06 0.046669 1e-30
13.1826 0.0657781 0.0352634 1.27175e-06 0.0305133 1e-30
14.4544 0.0551176 0.0282868 9.65265e-06 0.0268212 1e-30
15.8489 0.0572208 0.0254252 1.58033e-06 0.0317941 1e-30
17.378 0.0559914 0.0176825 2.26856e-06 0.0383067 1e-30
19.0546 0.102599 0.014602 3.59617e-07 0.0879917 4.65589e-06
20.893 0.122104 0.012582 6.96988e-07 0.109508 1.26426e-05
22.9087 0.0830286 0.00745536 7.61278e-08 0.0754992 7.40258e-05
25.1189 0.067593 0.00248056 7.23756e-07 0.0647704 0.000341247
27.5423 0.0734792 0.00204866 7.83054e-08 0.0703176 0.00111287
30.1995 0.0813535 0.00184272 1.33456e-08 0.0760447 0.00346613
33.1131 0.0940056 0.00120934 1e-30 0.0832636 0.00953267
36.3078 0.108709 0.000622767 1e-30 0.0887623 0.0193239
39.8107 0.134224 0.000780693 1e-30 0.0942785 0.0391648
43.6516 0.168053 0.000381934 1e-30 0.0995629 0.0681078
47.863 0.210337 0.000391013 1e-30 0.103603 0.106344
52.4807 0.262696 0.000224528 2.76123e-08 0.108416 0.154055
57.544 0.320292 0.000280219 1.85323e-07 0.11084 0.209172
63.0957 0.371719 0.000257416 1e-30 0.110995 0.260466
69.1831 0.419247 0.000125789 1e-30 0.108589 0.310532
75.8578 0.458892 0.000107694 1e-30 0.104204 0.35458
83.1764 0.483821 4.77187e-05 1e-30 0.0983 0.385473
91.2011 0.491112 3.41249e-05 1e-30 0.0890496 0.402028
100 0.482193 3.0858e-05 1e-30 0.0788727 0.40329
109.648 0.467809 0.000278018 1e-30 0.0686214 0.398909
120.226 0.443976 5.92868e-05 1e-30 0.0579037 0.386013
131.826 0.40959 0.000115772 1.7437e-07 0.0485752 0.360898
144.544 0.360255 1.52458e-05 1e-30 0.0396516 0.320588
158.489 0.299422 2.50595e-07 1e-30 0.0314046 0.268017
173.78 0.248337 1e-30 1e-30 0.0246147 0.223722
190.546 0.201443 1e-30 1e-30 0.0191433 0.1823
208.93 0.159509 1e-30 1e-30 0.0140061 0.145503
229.087 0.124948 1e-30 1e-30 0.0107083 0.11424
251.189 0.0948261 1e-30 1e-30 0.00793947 0.0868866
275.423 0.0705597 1e-30 1e-30 0.00563366 0.064926
301.995 0.0520845 1e-30 1e-30 0.00408406 0.0480004
331.131 0.0376658 1e-30 1e-30 0.00274919 0.0349166
363.078 0.026437 1e-30 1e-30 0.00193219 0.0245048
398.107 0.0183952 1e-30 1e-30 0.00140061 0.0169946
436.516 0.012919 1e-30 1e-30 0.000983753 0.0119352
478.63 0.00882463 1e-30 1e-30 0.000690897 0.00813373
524.807 0.00597809 1e-30 1e-30 0.000450373 0.00552772
575.44 0.00416812 1e-30 1e-30 0.00031489 0.00385323
630.957 0.00271113 1e-30 1e-30 0.000212342 0.00249879
691.831 0.00180179 1e-30 1e-30 0.000152326 0.00164946
758.578 0.00125074 1e-30 1e-30 8.0137e-05 0.0011706
831.764 0.000689842 1e-30 1e-30 4.06732e-05 0.000649168
912.011 0.000315239 1e-30 1e-30 1.45193e-05 0.00030072
1000 9.20208e-05 1e-30 1e-30 1e-30 9.20208e-05
1096.48 2.05147e-06 1e-30 1e-30 1e-30 2.05147e-06
1202.26 4e-30 1e-30 1e-30 1e-30 1e-30
1318.26 4e-30 1e-30 1e-30 1e-30 1e-30
1445.44 4e-30 1e-30 1e-30 1e-30 1e-30
1584.89 4e-30 1e-30 1e-30 1e-30 1e-30
1737.8 4e-30 1e-30 1e-30 1e-30 1e-30
1905.46 4e-30 1e-30 1e-30 1e-30 1e-30
2089.3 4e-30 1e-30 1e-30 1e-30 1e-30
2290.87 4e-30 1e-30 1e-30 1e-30 1e-30
2511.89 4e-30 1e-30 1e-30 1e-30 1e-30
2754.23 4e-30 1e-30 1e-30 1e-30 1e-30
3019.95 4e-30 1e-30 1e-30 1e-30 1e-30
3311.31 4e-30 1e-30 1e-30 1e-30 1e-30
3630.78 4e-30 1e-30 1e-30 1e-30 1e-30
3981.07 4e-30 1e-30 1e-30 1e-30 1e-30
4365.16 4e-30 1e-30 1e-30 1e-30 1e-30
4786.3 4e-30 1e-30 1e-30 1e-30 1e-30
5248.07 4e-30 1e-30 1e-30 1e-30 1e-30
5754.4 4e-30 1e-30 1e-30 1e-30 1e-30
6309.57 4e-30 1e-30 1e-30 1e-30 1e-30
6918.31 4e-30 1e-30 1e-30 1e-30 1e-30
7585.78 4e-30 1e-30 1e-30 1e-30 1e-30
8317.64 4e-30 1e-30 1e-30 1e-30 1e-30
9120.11 4e-30 1e-30 1e-30 1e-30 1e-30
10000 4e-30 1e-30 1e-30 1e-30 1e-30
10964.8 4e-30 1e-30 1e-30 1e-30 1e-30
