1.000000e-03  2.011519e-16
1.054412e-03  2.348908e-16
1.111784e-03  2.739393e-16
1.172279e-03  3.169648e-16
1.236065e-03  3.661033e-16
1.303321e-03  4.201431e-16
1.374238e-03  4.821763e-16
1.449012e-03  5.502347e-16
1.527856e-03  6.280023e-16
1.610989e-03  7.132906e-16
1.698646e-03  8.015927e-16
1.791073e-03  9.026847e-16
1.888529e-03  1.012408e-15
1.991287e-03  1.132288e-15
2.099637e-03  1.261647e-15
2.213882e-03  1.402128e-15
2.334344e-03  1.554291e-15
2.461360e-03  1.717394e-15
2.595287e-03  1.891497e-15
2.736502e-03  2.075023e-15
2.885400e-03  2.272683e-15
3.042400e-03  2.479250e-15
3.207943e-03  2.695644e-15
3.382493e-03  2.921710e-15
3.566541e-03  3.137911e-15
3.760603e-03  3.374302e-15
3.965225e-03  3.604480e-15
4.180980e-03  3.832445e-15
4.408475e-03  4.056109e-15
4.648349e-03  4.269247e-15
4.901274e-03  4.479211e-15
5.167962e-03  4.668884e-15
5.449160e-03  4.847134e-15
5.745660e-03  5.002776e-15
6.058292e-03  5.141576e-15
6.387935e-03  5.257919e-15
6.735515e-03  5.340083e-15
7.102007e-03  5.401074e-15
7.488441e-03  5.422928e-15
7.895901e-03  5.420885e-15
8.325532e-03  5.378925e-15
8.778540e-03  5.306244e-15
9.256197e-03  5.214896e-15
9.759844e-03  5.088981e-15
1.029090e-02  4.943092e-15
1.085084e-02  4.768445e-15
1.144126e-02  4.578661e-15
1.206380e-02  4.364519e-15
1.272021e-02  4.138420e-15
1.341234e-02  3.901372e-15
1.414214e-02  3.650560e-15
1.491164e-02  3.397845e-15
1.572301e-02  3.147311e-15
1.657853e-02  2.908150e-15
1.748059e-02  2.668509e-15
1.843175e-02  2.440408e-15
1.943465e-02  2.227327e-15
2.049213e-02  2.028231e-15
2.160715e-02  1.841899e-15
2.278283e-02  1.681835e-15
2.402249e-02  1.532665e-15
2.532960e-02  1.409346e-15
2.670783e-02  1.298690e-15
2.816105e-02  1.204949e-15
2.969335e-02  1.131820e-15
3.130902e-02  1.072934e-15
3.301261e-02  1.038965e-15
3.480888e-02  1.011054e-15
3.670290e-02  1.003788e-15
3.869998e-02  1.003917e-15
4.080572e-02  1.011342e-15
4.302603e-02  1.033042e-15
4.536716e-02  1.053886e-15
4.783567e-02  1.087251e-15
5.043850e-02  1.117963e-15
5.318296e-02  1.151695e-15
5.607674e-02  1.184981e-15
5.912799e-02  1.215688e-15
6.234525e-02  1.245297e-15
6.573758e-02  1.269850e-15
6.931448e-02  1.287105e-15
7.308602e-02  1.300244e-15
7.706277e-02  1.305764e-15
8.125590e-02  1.304233e-15
8.567719e-02  1.295070e-15
9.033905e-02  1.278722e-15
9.525456e-02  1.258930e-15
1.004375e-01  1.230924e-15
1.059025e-01  1.199514e-15
1.116649e-01  1.161223e-15
1.177408e-01  1.122502e-15
1.241473e-01  1.079725e-15
1.309024e-01  1.038418e-15
1.380250e-01  9.979471e-16
1.455352e-01  9.587159e-16
1.534541e-01  9.265287e-16
1.618038e-01  8.960886e-16
1.706079e-01  8.765000e-16
1.798910e-01  8.622831e-16
1.896792e-01  8.620840e-16
2.000000e-01  8.696922e-16
2.108824e-01  8.919821e-16
2.223569e-01  9.290838e-16
2.344558e-01  9.746706e-16
2.472129e-01  1.041795e-15
2.606643e-01  1.117645e-15
2.748475e-01  1.213938e-15
2.898025e-01  1.316040e-15
3.055712e-01  1.440233e-15
3.221979e-01  1.567110e-15
3.397293e-01  1.714560e-15
3.582146e-01  1.863305e-15
3.777057e-01  2.040431e-15
3.982574e-01  2.203666e-15
4.199274e-01  2.395280e-15
4.427764e-01  2.573010e-15
4.668687e-01  2.778715e-15
4.922720e-01  2.960757e-15
5.190574e-01  3.147285e-15
5.473003e-01  3.326345e-15
5.770800e-01  3.484894e-15
6.084800e-01  3.651584e-15
6.415885e-01  3.790236e-15
6.764986e-01  3.911171e-15
7.133082e-01  4.004109e-15
7.521206e-01  4.078642e-15
7.930449e-01  4.142917e-15
8.361960e-01  4.204761e-15
8.816950e-01  4.254998e-15
9.296697e-01  4.296511e-15
9.802548e-01  4.321060e-15
1.033592e+00  4.331395e-15
1.089832e+00  4.318449e-15
1.149132e+00  4.287728e-15
1.211658e+00  4.230748e-15
1.277587e+00  4.163756e-15
1.347103e+00  4.072628e-15
1.420401e+00  3.968904e-15
1.497688e+00  3.839423e-15
1.579180e+00  3.708140e-15
1.665106e+00  3.553613e-15
1.755708e+00  3.404575e-15
1.851239e+00  3.230265e-15
1.951969e+00  3.070948e-15
2.058179e+00  2.886760e-15
2.170169e+00  2.697874e-15
2.288252e+00  2.536363e-15
2.412760e+00  2.346436e-15
2.544043e+00  2.193401e-15
2.682469e+00  2.006355e-15
2.828427e+00  1.867907e-15
2.982327e+00  1.718904e-15
3.144601e+00  1.631115e-15
3.315705e+00  1.546295e-15
3.496119e+00  1.480148e-15
3.686349e+00  1.408135e-15
3.886931e+00  1.336394e-15
4.098426e+00  1.270393e-15
4.321429e+00  1.207952e-15
4.556566e+00  1.143104e-15
4.804498e+00  1.083605e-15
5.065920e+00  1.008562e-15
5.341566e+00  9.365762e-16
5.632211e+00  8.569179e-16
5.938670e+00  7.824978e-16
6.261804e+00  7.068392e-16
6.602521e+00  6.326580e-16
6.961777e+00  5.588842e-16
7.340580e+00  4.859082e-16
7.739995e+00  4.210318e-16
8.161143e+00  3.552871e-16
8.605206e+00  2.884583e-16
9.073432e+00  2.301362e-16
9.567135e+00  1.712064e-16
1.008770e+01  1.237686e-16
1.063659e+01  7.363467e-17
1.121535e+01  4.172510e-17
1.182560e+01  2.215721e-17
1.246905e+01  1.023093e-17
1.314752e+01  1.119797e-18
1.386290e+01  4.310850e-68
1.461720e+01  4.970144e-68
1.541255e+01  5.723794e-68
1.625118e+01  6.442868e-68
1.713544e+01  7.403641e-68
1.806781e+01  8.319169e-68
1.905091e+01  9.535877e-68
2.008751e+01  1.069362e-67
2.118051e+01  1.222268e-67
2.233298e+01  1.367547e-67
2.354816e+01  1.558076e-67
2.482946e+01  1.738850e-67
2.618048e+01  1.974107e-67
2.760501e+01  2.197076e-67
2.910705e+01  2.484873e-67
3.069082e+01  2.757472e-67
3.236077e+01  3.106361e-67
3.412158e+01  3.302301e-67
3.597820e+01  3.481985e-67
