1.000000e-03  9.559885e-17
1.054412e-03  1.177419e-16
1.111784e-03  1.439729e-16
1.172279e-03  1.727381e-16
1.236065e-03  2.069591e-16
1.303321e-03  2.445171e-16
1.374238e-03  2.886215e-16
1.449012e-03  3.365732e-16
1.527856e-03  3.905882e-16
1.610989e-03  4.513730e-16
1.698646e-03  5.172859e-16
1.791073e-03  5.868365e-16
1.888529e-03  6.654395e-16
1.991287e-03  7.528490e-16
2.099637e-03  8.484676e-16
2.213882e-03  9.561430e-16
2.334344e-03  1.073142e-15
2.461360e-03  1.204278e-15
2.595287e-03  1.346635e-15
2.736502e-03  1.501019e-15
2.885400e-03  1.669994e-15
3.042400e-03  1.847211e-15
3.207943e-03  2.045167e-15
3.382493e-03  2.251302e-15
3.566541e-03  2.474039e-15
3.760603e-03  2.705974e-15
3.965225e-03  2.950685e-15
4.180980e-03  3.198054e-15
4.408475e-03  3.465334e-15
4.648349e-03  3.721808e-15
4.901274e-03  3.999411e-15
5.167962e-03  4.252572e-15
5.449160e-03  4.525001e-15
5.745660e-03  4.765881e-15
6.058292e-03  5.009220e-15
6.387935e-03  5.243159e-15
6.735515e-03  5.438571e-15
7.102007e-03  5.633359e-15
7.488441e-03  5.768217e-15
7.895901e-03  5.905635e-15
8.325532e-03  5.984134e-15
8.778540e-03  6.040580e-15
9.256197e-03  6.056636e-15
9.759844e-03  6.022391e-15
1.029090e-02  5.960559e-15
1.085084e-02  5.843003e-15
1.144126e-02  5.702493e-15
1.206380e-02  5.533350e-15
1.272021e-02  5.320602e-15
1.341234e-02  5.091838e-15
1.414214e-02  4.827331e-15
1.491164e-02  4.549074e-15
1.572301e-02  4.262642e-15
1.657853e-02  3.953672e-15
1.748059e-02  3.661746e-15
1.843175e-02  3.355343e-15
1.943465e-02  3.069955e-15
2.049213e-02  2.789543e-15
2.160715e-02  2.515306e-15
2.278283e-02  2.275448e-15
2.402249e-02  2.033694e-15
2.532960e-02  1.834687e-15
2.670783e-02  1.645908e-15
2.816105e-02  1.489210e-15
2.969335e-02  1.354025e-15
3.130902e-02  1.223916e-15
3.301261e-02  1.135658e-15
3.480888e-02  1.059955e-15
3.670290e-02  1.009067e-15
3.869998e-02  9.807172e-16
4.080572e-02  9.613331e-16
4.302603e-02  9.632506e-16
4.536716e-02  9.688105e-16
4.783567e-02  9.959246e-16
5.043850e-02  1.027495e-15
5.318296e-02  1.068912e-15
5.607674e-02  1.116504e-15
5.912799e-02  1.165790e-15
6.234525e-02  1.215208e-15
6.573758e-02  1.265808e-15
6.931448e-02  1.312134e-15
7.308602e-02  1.353123e-15
7.706277e-02  1.387228e-15
8.125590e-02  1.417474e-15
8.567719e-02  1.442454e-15
9.033905e-02  1.452788e-15
9.525456e-02  1.458486e-15
1.004375e-01  1.452156e-15
1.059025e-01  1.435036e-15
1.116649e-01  1.408478e-15
1.177408e-01  1.373182e-15
1.241473e-01  1.331047e-15
1.309024e-01  1.278746e-15
1.380250e-01  1.221748e-15
1.455352e-01  1.160435e-15
1.534541e-01  1.096472e-15
1.618038e-01  1.031300e-15
1.706079e-01  9.716043e-16
1.798910e-01  9.117596e-16
1.896792e-01  8.626239e-16
2.000000e-01  8.170392e-16
2.108824e-01  7.857874e-16
2.223569e-01  7.620167e-16
2.344558e-01  7.521347e-16
2.472129e-01  7.571341e-16
2.606643e-01  7.743634e-16
2.748475e-01  8.084542e-16
2.898025e-01  8.566436e-16
3.055712e-01  9.161615e-16
3.221979e-01  9.912776e-16
3.397293e-01  1.080798e-15
3.582146e-01  1.182396e-15
3.777057e-01  1.297761e-15
3.982574e-01  1.423828e-15
4.199274e-01  1.559267e-15
4.427764e-01  1.703253e-15
4.668687e-01  1.843601e-15
4.922720e-01  2.002367e-15
5.190574e-01  2.141087e-15
5.473003e-01  2.280334e-15
5.770800e-01  2.413402e-15
6.084800e-01  2.552904e-15
6.415885e-01  2.674009e-15
6.764986e-01  2.780630e-15
7.133082e-01  2.865791e-15
7.521206e-01  2.945353e-15
7.930449e-01  3.019133e-15
8.361960e-01  3.091022e-15
8.816950e-01  3.159637e-15
9.296697e-01  3.224391e-15
9.802548e-01  3.282497e-15
1.033592e+00  3.326677e-15
1.089832e+00  3.366333e-15
1.149132e+00  3.384318e-15
1.211658e+00  3.395106e-15
1.277587e+00  3.395573e-15
1.347103e+00  3.385545e-15
1.420401e+00  3.359867e-15
1.497688e+00  3.321255e-15
1.579180e+00  3.262569e-15
1.665106e+00  3.190094e-15
1.755708e+00  3.109135e-15
1.851239e+00  3.009486e-15
1.951969e+00  2.910027e-15
2.058179e+00  2.789387e-15
2.170169e+00  2.652663e-15
2.288252e+00  2.513377e-15
2.412760e+00  2.373520e-15
2.544043e+00  2.229323e-15
2.682469e+00  2.075289e-15
2.828427e+00  1.950491e-15
2.982327e+00  1.822578e-15
3.144601e+00  1.766824e-15
3.315705e+00  1.711997e-15
3.496119e+00  1.681631e-15
3.686349e+00  1.641996e-15
3.886931e+00  1.605818e-15
4.098426e+00  1.564472e-15
4.321429e+00  1.528840e-15
4.556566e+00  1.486951e-15
4.804498e+00  1.436946e-15
5.065920e+00  1.371016e-15
5.341566e+00  1.291086e-15
5.632211e+00  1.209112e-15
5.938670e+00  1.122174e-15
6.261804e+00  1.026786e-15
6.602521e+00  9.279028e-16
6.961777e+00  8.383488e-16
7.340580e+00  7.365540e-16
7.739995e+00  6.414525e-16
8.161143e+00  5.488693e-16
8.605206e+00  4.518700e-16
9.073432e+00  3.575085e-16
9.567135e+00  2.713290e-16
1.008770e+01  1.938513e-16
1.063659e+01  1.172377e-16
1.121535e+01  6.809657e-17
1.182560e+01  3.536232e-17
1.246905e+01  1.481340e-17
1.314752e+01  1.627026e-18
1.386290e+01  2.750157e-68
1.461720e+01  3.156517e-68
1.541255e+01  3.620193e-68
1.625118e+01  4.148824e-68
1.713544e+01  4.750949e-68
1.806781e+01  5.436082e-68
1.905091e+01  6.214779e-68
2.008751e+01  7.098710e-68
2.118051e+01  8.100709e-68
2.233298e+01  9.057273e-68
2.354816e+01  1.031701e-67
2.482946e+01  1.173859e-67
2.618048e+01  1.333974e-67
2.760501e+01  1.513949e-67
2.910705e+01  1.715812e-67
3.069082e+01  1.941712e-67
3.236077e+01  2.193923e-67
3.412158e+01  2.333301e-67
3.597820e+01  2.460260e-67
