1.000000e-03  6.180601e-17
1.054412e-03  8.173730e-17
1.111784e-03  1.020658e-16
1.172279e-03  1.262470e-16
1.236065e-03  1.534095e-16
1.303321e-03  1.858847e-16
1.374238e-03  2.214851e-16
1.449012e-03  2.633471e-16
1.527856e-03  3.093457e-16
1.610989e-03  3.630192e-16
1.698646e-03  4.161401e-16
1.791073e-03  4.746889e-16
1.888529e-03  5.397688e-16
1.991287e-03  6.114080e-16
2.099637e-03  6.944558e-16
2.213882e-03  7.829275e-16
2.334344e-03  8.877080e-16
2.461360e-03  9.953074e-16
2.595287e-03  1.123068e-15
2.736502e-03  1.253208e-15
2.885400e-03  1.406847e-15
3.042400e-03  1.562965e-15
3.207943e-03  1.737517e-15
3.382493e-03  1.929021e-15
3.566541e-03  2.122352e-15
3.760603e-03  2.346245e-15
3.965225e-03  2.563456e-15
4.180980e-03  2.809416e-15
4.408475e-03  3.055378e-15
4.648349e-03  3.314745e-15
4.901274e-03  3.579266e-15
5.167962e-03  3.848743e-15
5.449160e-03  4.118666e-15
5.745660e-03  4.383186e-15
6.058292e-03  4.639025e-15
6.387935e-03  4.900308e-15
6.735515e-03  5.124334e-15
7.102007e-03  5.344750e-15
7.488441e-03  5.527991e-15
7.895901e-03  5.699045e-15
8.325532e-03  5.827661e-15
8.778540e-03  5.926302e-15
9.256197e-03  5.998059e-15
9.759844e-03  6.013030e-15
1.029090e-02  6.003412e-15
1.085084e-02  5.932840e-15
1.144126e-02  5.830956e-15
1.206380e-02  5.692790e-15
1.272021e-02  5.507059e-15
1.341234e-02  5.302402e-15
1.414214e-02  5.064444e-15
1.491164e-02  4.797016e-15
1.572301e-02  4.522885e-15
1.657853e-02  4.212739e-15
1.748059e-02  3.917355e-15
1.843175e-02  3.599747e-15
1.943465e-02  3.300797e-15
2.049213e-02  3.005854e-15
2.160715e-02  2.711683e-15
2.278283e-02  2.452919e-15
2.402249e-02  2.199045e-15
2.532960e-02  1.962614e-15
2.670783e-02  1.758993e-15
2.816105e-02  1.564540e-15
2.969335e-02  1.415939e-15
3.130902e-02  1.267619e-15
3.301261e-02  1.159380e-15
3.480888e-02  1.064546e-15
3.670290e-02  9.979281e-16
3.869998e-02  9.504613e-16
4.080572e-02  9.128725e-16
4.302603e-02  9.049679e-16
4.536716e-02  8.993500e-16
4.783567e-02  9.179410e-16
5.043850e-02  9.450311e-16
5.318296e-02  9.812467e-16
5.607674e-02  1.024834e-15
5.912799e-02  1.075210e-15
6.234525e-02  1.126199e-15
6.573758e-02  1.181501e-15
6.931448e-02  1.231540e-15
7.308602e-02  1.283999e-15
7.706277e-02  1.329731e-15
8.125590e-02  1.369705e-15
8.567719e-02  1.404648e-15
9.033905e-02  1.426226e-15
9.525456e-02  1.444087e-15
1.004375e-01  1.451150e-15
1.059025e-01  1.444384e-15
1.116649e-01  1.431352e-15
1.177408e-01  1.401141e-15
1.241473e-01  1.366583e-15
1.309024e-01  1.320413e-15
1.380250e-01  1.268409e-15
1.455352e-01  1.206749e-15
1.534541e-01  1.142054e-15
1.618038e-01  1.069560e-15
1.706079e-01  9.998174e-16
1.798910e-01  9.313115e-16
1.896792e-01  8.704001e-16
2.000000e-01  8.088040e-16
2.108824e-01  7.616831e-16
2.223569e-01  7.172250e-16
2.344558e-01  6.873603e-16
2.472129e-01  6.698730e-16
2.606643e-01  6.649208e-16
2.748475e-01  6.762975e-16
2.898025e-01  6.994668e-16
3.055712e-01  7.375578e-16
3.221979e-01  7.898716e-16
3.397293e-01  8.512916e-16
3.582146e-01  9.274560e-16
3.777057e-01  1.014995e-15
3.982574e-01  1.110192e-15
4.199274e-01  1.217350e-15
4.427764e-01  1.334380e-15
4.668687e-01  1.458899e-15
4.922720e-01  1.595949e-15
5.190574e-01  1.709784e-15
5.473003e-01  1.834536e-15
5.770800e-01  1.954006e-15
6.084800e-01  2.074361e-15
6.415885e-01  2.184371e-15
6.764986e-01  2.276983e-15
7.133082e-01  2.350913e-15
7.521206e-01  2.426948e-15
7.930449e-01  2.497169e-15
8.361960e-01  2.564896e-15
8.816950e-01  2.635417e-15
9.296697e-01  2.703714e-15
9.802548e-01  2.763912e-15
1.033592e+00  2.812594e-15
1.089832e+00  2.859075e-15
1.149132e+00  2.887689e-15
1.211658e+00  2.912512e-15
1.277587e+00  2.931325e-15
1.347103e+00  2.943008e-15
1.420401e+00  2.945017e-15
1.497688e+00  2.935566e-15
1.579180e+00  2.906277e-15
1.665106e+00  2.871405e-15
1.755708e+00  2.827750e-15
1.851239e+00  2.767793e-15
1.951969e+00  2.693554e-15
2.058179e+00  2.606855e-15
2.170169e+00  2.505212e-15
2.288252e+00  2.389508e-15
2.412760e+00  2.270523e-15
2.544043e+00  2.150020e-15
2.682469e+00  1.995647e-15
2.828427e+00  1.875570e-15
2.982327e+00  1.759371e-15
3.144601e+00  1.720141e-15
3.315705e+00  1.676048e-15
3.496119e+00  1.661997e-15
3.686349e+00  1.647032e-15
3.886931e+00  1.624286e-15
4.098426e+00  1.601050e-15
4.321429e+00  1.583539e-15
4.556566e+00  1.555392e-15
4.804498e+00  1.519031e-15
5.065920e+00  1.466123e-15
5.341566e+00  1.399552e-15
5.632211e+00  1.315889e-15
5.938670e+00  1.233517e-15
6.261804e+00  1.140609e-15
6.602521e+00  1.041978e-15
6.961777e+00  9.405614e-16
7.340580e+00  8.335225e-16
7.739995e+00  7.313132e-16
8.161143e+00  6.301158e-16
8.605206e+00  5.189033e-16
9.073432e+00  4.173267e-16
9.567135e+00  3.232745e-16
1.008770e+01  2.204007e-16
1.063659e+01  1.354093e-16
1.121535e+01  8.043811e-17
1.182560e+01  4.360533e-17
1.246905e+01  1.670094e-17
1.314752e+01  1.799700e-18
1.386290e+01  2.268291e-68
1.461720e+01  2.597858e-68
1.541255e+01  2.973217e-68
1.625118e+01  3.469896e-68
1.713544e+01  3.965109e-68
1.806781e+01  4.527866e-68
1.905091e+01  5.166849e-68
2.008751e+01  5.891723e-68
2.118051e+01  6.713210e-68
2.233298e+01  7.643164e-68
2.354816e+01  8.694635e-68
2.482946e+01  9.881928e-68
2.618048e+01  1.122066e-67
2.760501e+01  1.272778e-67
2.910705e+01  1.468078e-67
3.069082e+01  1.661017e-67
3.236077e+01  1.876949e-67
3.412158e+01  1.996258e-67
3.597820e+01  2.104878e-67
