1.000000e-03  1.668064e-17
1.054412e-03  2.461428e-17
1.111784e-03  3.380545e-17
1.172279e-03  4.746164e-17
1.236065e-03  6.172639e-17
1.303321e-03  8.234951e-17
1.374238e-03  1.038734e-16
1.449012e-03  1.317293e-16
1.527856e-03  1.644693e-16
1.610989e-03  1.994423e-16
1.698646e-03  2.327050e-16
1.791073e-03  2.673199e-16
1.888529e-03  3.049652e-16
1.991287e-03  3.475021e-16
2.099637e-03  3.972161e-16
2.213882e-03  4.525467e-16
2.334344e-03  5.146286e-16
2.461360e-03  5.826666e-16
2.595287e-03  6.594047e-16
2.736502e-03  7.449591e-16
2.885400e-03  8.426950e-16
3.042400e-03  9.425408e-16
3.207943e-03  1.061125e-15
3.382493e-03  1.190547e-15
3.566541e-03  1.320380e-15
3.760603e-03  1.481634e-15
3.965225e-03  1.636403e-15
4.180980e-03  1.808294e-15
4.408475e-03  1.997433e-15
4.648349e-03  2.192389e-15
4.901274e-03  2.404076e-15
5.167962e-03  2.612987e-15
5.449160e-03  2.848336e-15
5.745660e-03  3.062617e-15
6.058292e-03  3.301972e-15
6.387935e-03  3.531348e-15
6.735515e-03  3.754225e-15
7.102007e-03  3.996879e-15
7.488441e-03  4.187698e-15
7.895901e-03  4.397940e-15
8.325532e-03  4.570561e-15
8.778540e-03  4.725507e-15
9.256197e-03  4.863145e-15
9.759844e-03  4.952116e-15
1.029090e-02  5.029072e-15
1.085084e-02  5.047195e-15
1.144126e-02  5.046006e-15
1.206380e-02  4.992969e-15
1.272021e-02  4.908626e-15
1.341234e-02  4.794470e-15
1.414214e-02  4.634511e-15
1.491164e-02  4.444612e-15
1.572301e-02  4.245064e-15
1.657853e-02  4.000529e-15
1.748059e-02  3.763720e-15
1.843175e-02  3.499072e-15
1.943465e-02  3.219477e-15
2.049213e-02  2.968701e-15
2.160715e-02  2.680930e-15
2.278283e-02  2.442637e-15
2.402249e-02  2.190876e-15
2.532960e-02  1.959581e-15
2.670783e-02  1.751013e-15
2.816105e-02  1.551489e-15
2.969335e-02  1.380014e-15
3.130902e-02  1.207831e-15
3.301261e-02  1.095224e-15
3.480888e-02  9.666009e-16
3.670290e-02  8.731472e-16
3.869998e-02  8.078202e-16
4.080572e-02  7.420652e-16
4.302603e-02  7.072486e-16
4.536716e-02  6.828433e-16
4.783567e-02  6.806702e-16
5.043850e-02  6.837582e-16
5.318296e-02  7.039689e-16
5.607674e-02  7.340200e-16
5.912799e-02  7.673539e-16
6.234525e-02  8.106283e-16
6.573758e-02  8.601684e-16
6.931448e-02  9.055796e-16
7.308602e-02  9.569607e-16
7.706277e-02  1.003899e-15
8.125590e-02  1.050783e-15
8.567719e-02  1.095572e-15
9.033905e-02  1.129072e-15
9.525456e-02  1.166434e-15
1.004375e-01  1.195248e-15
1.059025e-01  1.208291e-15
1.116649e-01  1.218050e-15
1.177408e-01  1.214952e-15
1.241473e-01  1.203360e-15
1.309024e-01  1.179616e-15
1.380250e-01  1.148450e-15
1.455352e-01  1.106876e-15
1.534541e-01  1.052768e-15
1.618038e-01  9.957849e-16
1.706079e-01  9.323473e-16
1.798910e-01  8.617440e-16
1.896792e-01  7.988924e-16
2.000000e-01  7.283672e-16
2.108824e-01  6.654697e-16
2.223569e-01  6.019349e-16
2.344558e-01  5.469036e-16
2.472129e-01  5.020553e-16
2.606643e-01  4.658465e-16
2.748475e-01  4.408063e-16
2.898025e-01  4.248779e-16
3.055712e-01  4.207323e-16
3.221979e-01  4.272639e-16
3.397293e-01  4.422386e-16
3.582146e-01  4.689310e-16
3.777057e-01  5.063612e-16
3.982574e-01  5.484253e-16
4.199274e-01  6.050649e-16
4.427764e-01  6.659731e-16
4.668687e-01  7.390411e-16
4.922720e-01  8.190554e-16
5.190574e-01  8.872989e-16
5.473003e-01  9.646788e-16
5.770800e-01  1.030573e-15
6.084800e-01  1.111645e-15
6.415885e-01  1.179292e-15
6.764986e-01  1.244640e-15
7.133082e-01  1.295510e-15
7.521206e-01  1.345679e-15
7.930449e-01  1.393266e-15
8.361960e-01  1.443711e-15
8.816950e-01  1.499989e-15
9.296697e-01  1.551992e-15
9.802548e-01  1.608222e-15
1.033592e+00  1.649944e-15
1.089832e+00  1.699074e-15
1.149132e+00  1.733225e-15
1.211658e+00  1.768330e-15
1.277587e+00  1.805504e-15
1.347103e+00  1.840104e-15
1.420401e+00  1.868613e-15
1.497688e+00  1.895774e-15
1.579180e+00  1.913262e-15
1.665106e+00  1.926807e-15
1.755708e+00  1.940163e-15
1.851239e+00  1.940996e-15
1.951969e+00  1.936981e-15
2.058179e+00  1.918445e-15
2.170169e+00  1.892710e-15
2.288252e+00  1.846680e-15
2.412760e+00  1.793865e-15
2.544043e+00  1.715826e-15
2.682469e+00  1.616460e-15
2.828427e+00  1.529317e-15
2.982327e+00  1.429804e-15
3.144601e+00  1.408706e-15
3.315705e+00  1.397581e-15
3.496119e+00  1.412531e-15
3.686349e+00  1.428827e-15
3.886931e+00  1.438021e-15
4.098426e+00  1.448349e-15
4.321429e+00  1.462684e-15
4.556566e+00  1.468822e-15
4.804498e+00  1.470054e-15
5.065920e+00  1.447030e-15
5.341566e+00  1.413982e-15
5.632211e+00  1.368075e-15
5.938670e+00  1.317082e-15
6.261804e+00  1.247009e-15
6.602521e+00  1.168014e-15
6.961777e+00  1.075875e-15
7.340580e+00  9.673846e-16
7.739995e+00  8.754456e-16
8.161143e+00  7.587363e-16
8.605206e+00  6.429962e-16
9.073432e+00  5.165375e-16
9.567135e+00  4.077211e-16
1.008770e+01  2.889955e-16
1.063659e+01  1.858992e-16
1.121535e+01  1.044144e-16
1.182560e+01  5.589775e-17
1.246905e+01  2.443106e-17
1.314752e+01  2.270260e-18
1.386290e+01  1.484806e-68
1.461720e+01  1.692263e-68
1.541255e+01  1.964593e-68
1.625118e+01  2.235568e-68
1.713544e+01  2.590543e-68
1.806781e+01  2.943738e-68
1.905091e+01  3.405468e-68
2.008751e+01  3.936151e-68
2.118051e+01  4.463948e-68
2.233298e+01  5.151566e-68
2.354816e+01  5.835075e-68
2.482946e+01  6.723296e-68
2.618048e+01  7.605512e-68
2.760501e+01  8.748586e-68
2.910705e+01  1.005342e-67
3.069082e+01  1.134711e-67
3.236077e+01  1.301386e-67
3.412158e+01  1.383798e-67
3.597820e+01  1.459093e-67
