1.000000e-03  1.285584e-17
1.054412e-03  1.952390e-17
1.111784e-03  2.819694e-17
1.172279e-03  3.837947e-17
1.236065e-03  5.348915e-17
1.303321e-03  7.090195e-17
1.374238e-03  9.087400e-17
1.449012e-03  1.178502e-16
1.527856e-03  1.442725e-16
1.610989e-03  1.795263e-16
1.698646e-03  2.107916e-16
1.791073e-03  2.411413e-16
1.888529e-03  2.750340e-16
1.991287e-03  3.164520e-16
2.099637e-03  3.584353e-16
2.213882e-03  4.084947e-16
2.334344e-03  4.690235e-16
2.461360e-03  5.264440e-16
2.595287e-03  5.995415e-16
2.736502e-03  6.793628e-16
2.885400e-03  7.674936e-16
3.042400e-03  8.596006e-16
3.207943e-03  9.696444e-16
3.382493e-03  1.090790e-15
3.566541e-03  1.206761e-15
3.760603e-03  1.357208e-15
3.965225e-03  1.502700e-15
4.180980e-03  1.657921e-15
4.408475e-03  1.835428e-15
4.648349e-03  2.030329e-15
4.901274e-03  2.220702e-15
5.167962e-03  2.409862e-15
5.449160e-03  2.647811e-15
5.745660e-03  2.839493e-15
6.058292e-03  3.061208e-15
6.387935e-03  3.295752e-15
6.735515e-03  3.497732e-15
7.102007e-03  3.725511e-15
7.488441e-03  3.927512e-15
7.895901e-03  4.120710e-15
8.325532e-03  4.285312e-15
8.778540e-03  4.457622e-15
9.256197e-03  4.597173e-15
9.759844e-03  4.674556e-15
1.029090e-02  4.772258e-15
1.085084e-02  4.797635e-15
1.144126e-02  4.796532e-15
1.206380e-02  4.767686e-15
1.272021e-02  4.692983e-15
1.341234e-02  4.588297e-15
1.414214e-02  4.453961e-15
1.491164e-02  4.273393e-15
1.572301e-02  4.086539e-15
1.657853e-02  3.869031e-15
1.748059e-02  3.626464e-15
1.843175e-02  3.370784e-15
1.943465e-02  3.128043e-15
2.049213e-02  2.871066e-15
2.160715e-02  2.590726e-15
2.278283e-02  2.383867e-15
2.402249e-02  2.124820e-15
2.532960e-02  1.897978e-15
2.670783e-02  1.714968e-15
2.816105e-02  1.506794e-15
2.969335e-02  1.336084e-15
3.130902e-02  1.176908e-15
3.301261e-02  1.060876e-15
3.480888e-02  9.306379e-16
3.670290e-02  8.460795e-16
3.869998e-02  7.742926e-16
4.080572e-02  7.056634e-16
4.302603e-02  6.760184e-16
4.536716e-02  6.438162e-16
4.783567e-02  6.378227e-16
5.043850e-02  6.435278e-16
5.318296e-02  6.557080e-16
5.607674e-02  6.821362e-16
5.912799e-02  7.170912e-16
6.234525e-02  7.545116e-16
6.573758e-02  7.997169e-16
6.931448e-02  8.468188e-16
7.308602e-02  8.916292e-16
7.706277e-02  9.391595e-16
8.125590e-02  9.868782e-16
8.567719e-02  1.027882e-15
9.033905e-02  1.062942e-15
9.525456e-02  1.098887e-15
1.004375e-01  1.128919e-15
1.059025e-01  1.145983e-15
1.116649e-01  1.157798e-15
1.177408e-01  1.156518e-15
1.241473e-01  1.147524e-15
1.309024e-01  1.127615e-15
1.380250e-01  1.100411e-15
1.455352e-01  1.060342e-15
1.534541e-01  1.013950e-15
1.618038e-01  9.597883e-16
1.706079e-01  8.996062e-16
1.798910e-01  8.338594e-16
1.896792e-01  7.688250e-16
2.000000e-01  7.014669e-16
2.108824e-01  6.413024e-16
2.223569e-01  5.777774e-16
2.344558e-01  5.218904e-16
2.472129e-01  4.759715e-16
2.606643e-01  4.391234e-16
2.748475e-01  4.096099e-16
2.898025e-01  3.928209e-16
3.055712e-01  3.840537e-16
3.221979e-01  3.861301e-16
3.397293e-01  3.982130e-16
3.582146e-01  4.184144e-16
3.777057e-01  4.478810e-16
3.982574e-01  4.881384e-16
4.199274e-01  5.312672e-16
4.427764e-01  5.909808e-16
4.668687e-01  6.577350e-16
4.922720e-01  7.251398e-16
5.190574e-01  7.906934e-16
5.473003e-01  8.577563e-16
5.770800e-01  9.204757e-16
6.084800e-01  9.951837e-16
6.415885e-01  1.057341e-15
6.764986e-01  1.117469e-15
7.133082e-01  1.163222e-15
7.521206e-01  1.210486e-15
7.930449e-01  1.254821e-15
8.361960e-01  1.303376e-15
8.816950e-01  1.353211e-15
9.296697e-01  1.403783e-15
9.802548e-01  1.453743e-15
1.033592e+00  1.496450e-15
1.089832e+00  1.544312e-15
1.149132e+00  1.576865e-15
1.211658e+00  1.612598e-15
1.277587e+00  1.647390e-15
1.347103e+00  1.685123e-15
1.420401e+00  1.716180e-15
1.497688e+00  1.743976e-15
1.579180e+00  1.765696e-15
1.665106e+00  1.780966e-15
1.755708e+00  1.800237e-15
1.851239e+00  1.807983e-15
1.951969e+00  1.804531e-15
2.058179e+00  1.799271e-15
2.170169e+00  1.775696e-15
2.288252e+00  1.736642e-15
2.412760e+00  1.697080e-15
2.544043e+00  1.624762e-15
2.682469e+00  1.552623e-15
2.828427e+00  1.460975e-15
2.982327e+00  1.361502e-15
3.144601e+00  1.344671e-15
3.315705e+00  1.336155e-15
3.496119e+00  1.356623e-15
3.686349e+00  1.373412e-15
3.886931e+00  1.385310e-15
4.098426e+00  1.400889e-15
4.321429e+00  1.418277e-15
4.556566e+00  1.428764e-15
4.804498e+00  1.432477e-15
5.065920e+00  1.419252e-15
5.341566e+00  1.388516e-15
5.632211e+00  1.347076e-15
5.938670e+00  1.302359e-15
6.261804e+00  1.235575e-15
6.602521e+00  1.159202e-15
6.961777e+00  1.075407e-15
7.340580e+00  9.781673e-16
7.739995e+00  8.740815e-16
8.161143e+00  7.729386e-16
8.605206e+00  6.502327e-16
9.073432e+00  5.208788e-16
9.567135e+00  4.151842e-16
1.008770e+01  2.947585e-16
1.063659e+01  1.868595e-16
1.121535e+01  1.052798e-16
1.182560e+01  5.625051e-17
1.246905e+01  2.461304e-17
1.314752e+01  6.740211e-18
1.386290e+01  1.371571e-68
1.461720e+01  1.592714e-68
1.541255e+01  1.847379e-68
1.625118e+01  2.100669e-68
1.713544e+01  2.432011e-68
1.806781e+01  2.812951e-68
1.905091e+01  3.191828e-68
2.008751e+01  3.685905e-68
2.118051e+01  4.252860e-68
2.233298e+01  4.816502e-68
2.354816e+01  5.549027e-68
2.482946e+01  6.276879e-68
2.618048e+01  7.220439e-68
2.760501e+01  8.298448e-68
2.910705e+01  9.368172e-68
3.069082e+01  1.074835e-67
3.236077e+01  1.231905e-67
3.412158e+01  1.309835e-67
3.597820e+01  1.381106e-67
