1.000000e-03  1.005338e-17
1.054412e-03  1.451698e-17
1.111784e-03  2.132050e-17
1.172279e-03  3.102161e-17
1.236065e-03  4.209416e-17
1.303321e-03  5.773155e-17
1.374238e-03  7.628566e-17
1.449012e-03  1.001982e-16
1.527856e-03  1.257539e-16
1.610989e-03  1.564377e-16
1.698646e-03  1.838165e-16
1.791073e-03  2.136855e-16
1.888529e-03  2.420539e-16
1.991287e-03  2.762176e-16
2.099637e-03  3.178923e-16
2.213882e-03  3.618481e-16
2.334344e-03  4.101823e-16
2.461360e-03  4.672695e-16
2.595287e-03  5.346827e-16
2.736502e-03  5.982473e-16
2.885400e-03  6.784161e-16
3.042400e-03  7.684193e-16
3.207943e-03  8.552716e-16
3.382493e-03  9.669889e-16
3.566541e-03  1.082566e-15
3.760603e-03  1.208517e-15
3.965225e-03  1.335103e-15
4.180980e-03  1.492954e-15
4.408475e-03  1.647724e-15
4.648349e-03  1.801469e-15
4.901274e-03  2.001075e-15
5.167962e-03  2.179890e-15
5.449160e-03  2.374827e-15
5.745660e-03  2.568812e-15
6.058292e-03  2.787300e-15
6.387935e-03  2.985743e-15
6.735515e-03  3.181016e-15
7.102007e-03  3.413941e-15
7.488441e-03  3.592184e-15
7.895901e-03  3.773046e-15
8.325532e-03  3.946631e-15
8.778540e-03  4.104433e-15
9.256197e-03  4.227723e-15
9.759844e-03  4.329809e-15
1.029090e-02  4.431792e-15
1.085084e-02  4.450445e-15
1.144126e-02  4.472697e-15
1.206380e-02  4.452342e-15
1.272021e-02  4.400545e-15
1.341234e-02  4.307280e-15
1.414214e-02  4.178666e-15
1.491164e-02  4.034917e-15
1.572301e-02  3.861911e-15
1.657853e-02  3.644724e-15
1.748059e-02  3.435772e-15
1.843175e-02  3.221427e-15
1.943465e-02  2.962371e-15
2.049213e-02  2.725038e-15
2.160715e-02  2.494020e-15
2.278283e-02  2.266633e-15
2.402249e-02  2.022881e-15
2.532960e-02  1.840756e-15
2.670783e-02  1.634590e-15
2.816105e-02  1.432046e-15
2.969335e-02  1.287561e-15
3.130902e-02  1.126226e-15
3.301261e-02  1.005210e-15
3.480888e-02  8.846353e-16
3.670290e-02  8.038713e-16
3.869998e-02  7.269057e-16
4.080572e-02  6.589168e-16
4.302603e-02  6.311138e-16
4.536716e-02  5.949563e-16
4.783567e-02  5.870416e-16
5.043850e-02  5.884868e-16
5.318296e-02  5.994568e-16
5.607674e-02  6.236351e-16
5.912799e-02  6.487712e-16
6.234525e-02  6.865407e-16
6.573758e-02  7.297267e-16
6.931448e-02  7.691321e-16
7.308602e-02  8.145198e-16
7.706277e-02  8.597770e-16
8.125590e-02  9.019706e-16
8.567719e-02  9.447917e-16
9.033905e-02  9.794628e-16
9.525456e-02  1.012353e-15
1.004375e-01  1.042534e-15
1.059025e-01  1.062589e-15
1.116649e-01  1.076984e-15
1.177408e-01  1.076194e-15
1.241473e-01  1.071806e-15
1.309024e-01  1.056348e-15
1.380250e-01  1.033754e-15
1.455352e-01  9.982936e-16
1.534541e-01  9.561432e-16
1.618038e-01  9.090031e-16
1.706079e-01  8.527951e-16
1.798910e-01  7.871067e-16
1.896792e-01  7.269238e-16
2.000000e-01  6.688835e-16
2.108824e-01  6.075281e-16
2.223569e-01  5.444703e-16
2.344558e-01  4.905417e-16
2.472129e-01  4.462973e-16
2.606643e-01  4.041904e-16
2.748475e-01  3.753109e-16
2.898025e-01  3.539048e-16
3.055712e-01  3.424322e-16
3.221979e-01  3.416415e-16
3.397293e-01  3.476827e-16
3.582146e-01  3.633390e-16
3.777057e-01  3.865331e-16
3.982574e-01  4.163861e-16
4.199274e-01  4.572601e-16
4.427764e-01  5.067497e-16
4.668687e-01  5.614743e-16
4.922720e-01  6.263422e-16
5.190574e-01  6.797735e-16
5.473003e-01  7.380071e-16
5.770800e-01  7.973421e-16
6.084800e-01  8.650246e-16
6.415885e-01  9.181318e-16
6.764986e-01  9.718012e-16
7.133082e-01  1.014222e-15
7.521206e-01  1.057835e-15
7.930449e-01  1.097354e-15
8.361960e-01  1.139697e-15
8.816950e-01  1.187545e-15
9.296697e-01  1.234083e-15
9.802548e-01  1.280577e-15
1.033592e+00  1.321259e-15
1.089832e+00  1.364478e-15
1.149132e+00  1.396213e-15
1.211658e+00  1.432187e-15
1.277587e+00  1.467438e-15
1.347103e+00  1.504094e-15
1.420401e+00  1.535725e-15
1.497688e+00  1.566617e-15
1.579180e+00  1.590631e-15
1.665106e+00  1.609931e-15
1.755708e+00  1.631117e-15
1.851239e+00  1.645527e-15
1.951969e+00  1.651387e-15
2.058179e+00  1.645096e-15
2.170169e+00  1.640369e-15
2.288252e+00  1.612884e-15
2.412760e+00  1.572087e-15
2.544043e+00  1.511932e-15
2.682469e+00  1.454759e-15
2.828427e+00  1.365940e-15
2.982327e+00  1.274959e-15
3.144601e+00  1.263795e-15
3.315705e+00  1.260436e-15
3.496119e+00  1.280658e-15
3.686349e+00  1.300252e-15
3.886931e+00  1.319213e-15
4.098426e+00  1.337863e-15
4.321429e+00  1.354810e-15
4.556566e+00  1.370520e-15
4.804498e+00  1.382787e-15
5.065920e+00  1.372407e-15
5.341566e+00  1.345313e-15
5.632211e+00  1.312356e-15
5.938670e+00  1.276311e-15
6.261804e+00  1.216010e-15
6.602521e+00  1.144493e-15
6.961777e+00  1.061121e-15
7.340580e+00  9.772992e-16
7.739995e+00  8.786334e-16
8.161143e+00  7.672674e-16
8.605206e+00  6.608517e-16
9.073432e+00  5.407347e-16
9.567135e+00  4.187679e-16
1.008770e+01  2.959035e-16
1.063659e+01  1.946354e-16
1.121535e+01  1.101736e-16
1.182560e+01  5.675956e-17
1.246905e+01  2.497537e-17
1.314752e+01  6.877851e-18
1.386290e+01  1.281949e-68
1.461720e+01  1.487031e-68
1.541255e+01  1.690874e-68
1.625118e+01  1.957357e-68
1.713544e+01  2.263529e-68
1.806781e+01  2.615103e-68
1.905091e+01  2.964636e-68
2.008751e+01  3.419680e-68
2.118051e+01  3.941293e-68
2.233298e+01  4.538791e-68
2.354816e+01  5.132550e-68
2.482946e+01  5.902133e-68
2.618048e+01  6.781610e-68
2.760501e+01  7.654811e-68
2.910705e+01  8.782096e-68
3.069082e+01  1.006635e-67
3.236077e+01  1.152745e-67
3.412158e+01  1.225567e-67
3.597820e+01  1.292253e-67
