1.000000e-03  8.950207e-18
1.054412e-03  1.372317e-17
1.111784e-03  2.035633e-17
1.172279e-03  2.970417e-17
1.236065e-03  4.019567e-17
1.303321e-03  5.526862e-17
1.374238e-03  7.379886e-17
1.449012e-03  9.702107e-17
1.527856e-03  1.218613e-16
1.610989e-03  1.524890e-16
1.698646e-03  1.791521e-16
1.791073e-03  2.073503e-16
1.888529e-03  2.361695e-16
1.991287e-03  2.694056e-16
2.099637e-03  3.092291e-16
2.213882e-03  3.509740e-16
2.334344e-03  4.001827e-16
2.461360e-03  4.554064e-16
2.595287e-03  5.195318e-16
2.736502e-03  5.805718e-16
2.885400e-03  6.612611e-16
3.042400e-03  7.480067e-16
3.207943e-03  8.354671e-16
3.382493e-03  9.441071e-16
3.566541e-03  1.055921e-15
3.760603e-03  1.181412e-15
3.965225e-03  1.304857e-15
4.180980e-03  1.455966e-15
4.408475e-03  1.611620e-15
4.648349e-03  1.762030e-15
4.901274e-03  1.956227e-15
5.167962e-03  2.124995e-15
5.449160e-03  2.325090e-15
5.745660e-03  2.514994e-15
6.058292e-03  2.724348e-15
6.387935e-03  2.911211e-15
6.735515e-03  3.117484e-15
7.102007e-03  3.345261e-15
7.488441e-03  3.510560e-15
7.895901e-03  3.702153e-15
8.325532e-03  3.872564e-15
8.778540e-03  4.029848e-15
9.256197e-03  4.152612e-15
9.759844e-03  4.256258e-15
1.029090e-02  4.356166e-15
1.085084e-02  4.375981e-15
1.144126e-02  4.401371e-15
1.206380e-02  4.385617e-15
1.272021e-02  4.331880e-15
1.341234e-02  4.242306e-15
1.414214e-02  4.122103e-15
1.491164e-02  3.984103e-15
1.572301e-02  3.807764e-15
1.657853e-02  3.597193e-15
1.748059e-02  3.402240e-15
1.843175e-02  3.178632e-15
1.943465e-02  2.928335e-15
2.049213e-02  2.700108e-15
2.160715e-02  2.462249e-15
2.278283e-02  2.239829e-15
2.402249e-02  1.997748e-15
2.532960e-02  1.818347e-15
2.670783e-02  1.615082e-15
2.816105e-02  1.418958e-15
2.969335e-02  1.271847e-15
3.130902e-02  1.112223e-15
3.301261e-02  9.934910e-16
3.480888e-02  8.813208e-16
3.670290e-02  7.929229e-16
3.869998e-02  7.163295e-16
4.080572e-02  6.510370e-16
4.302603e-02  6.210566e-16
4.536716e-02  5.838287e-16
4.783567e-02  5.755832e-16
5.043850e-02  5.773104e-16
5.318296e-02  5.877475e-16
5.607674e-02  6.100339e-16
5.912799e-02  6.358936e-16
6.234525e-02  6.717158e-16
6.573758e-02  7.148140e-16
6.931448e-02  7.540186e-16
7.308602e-02  7.986310e-16
7.706277e-02  8.415466e-16
8.125590e-02  8.839044e-16
8.567719e-02  9.272583e-16
9.033905e-02  9.614878e-16
9.525456e-02  9.928360e-16
1.004375e-01  1.024776e-15
1.059025e-01  1.044688e-15
1.116649e-01  1.059110e-15
1.177408e-01  1.058495e-15
1.241473e-01  1.056357e-15
1.309024e-01  1.041319e-15
1.380250e-01  1.017981e-15
1.455352e-01  9.834733e-16
1.534541e-01  9.445465e-16
1.618038e-01  8.969219e-16
1.706079e-01  8.408454e-16
1.798910e-01  7.763813e-16
1.896792e-01  7.194547e-16
2.000000e-01  6.609554e-16
2.108824e-01  5.990730e-16
2.223569e-01  5.370529e-16
2.344558e-01  4.830488e-16
2.472129e-01  4.392947e-16
2.606643e-01  3.969829e-16
2.748475e-01  3.678805e-16
2.898025e-01  3.460240e-16
3.055712e-01  3.345739e-16
3.221979e-01  3.324303e-16
3.397293e-01  3.380092e-16
3.582146e-01  3.521417e-16
3.777057e-01  3.752348e-16
3.982574e-01  4.036893e-16
4.199274e-01  4.425953e-16
4.427764e-01  4.893715e-16
4.668687e-01  5.445312e-16
4.922720e-01  6.069983e-16
5.190574e-01  6.581943e-16
5.473003e-01  7.162381e-16
5.770800e-01  7.741589e-16
6.084800e-01  8.402355e-16
6.415885e-01  8.903095e-16
6.764986e-01  9.438043e-16
7.133082e-01  9.861249e-16
7.521206e-01  1.029049e-15
7.930449e-01  1.065902e-15
8.361960e-01  1.107399e-15
8.816950e-01  1.155828e-15
9.296697e-01  1.201904e-15
9.802548e-01  1.247756e-15
1.033592e+00  1.285570e-15
1.089832e+00  1.328651e-15
1.149132e+00  1.362123e-15
1.211658e+00  1.397686e-15
1.277587e+00  1.431929e-15
1.347103e+00  1.467628e-15
1.420401e+00  1.500899e-15
1.497688e+00  1.532053e-15
1.579180e+00  1.556534e-15
1.665106e+00  1.576166e-15
1.755708e+00  1.597353e-15
1.851239e+00  1.612710e-15
1.951969e+00  1.620163e-15
2.058179e+00  1.620023e-15
2.170169e+00  1.609374e-15
2.288252e+00  1.585411e-15
2.412760e+00  1.547594e-15
2.544043e+00  1.502684e-15
2.682469e+00  1.431669e-15
2.828427e+00  1.346733e-15
2.982327e+00  1.258542e-15
3.144601e+00  1.248067e-15
3.315705e+00  1.241569e-15
3.496119e+00  1.264233e-15
3.686349e+00  1.286921e-15
3.886931e+00  1.305454e-15
4.098426e+00  1.320951e-15
4.321429e+00  1.340704e-15
4.556566e+00  1.360705e-15
4.804498e+00  1.370704e-15
5.065920e+00  1.360753e-15
5.341566e+00  1.334881e-15
5.632211e+00  1.310142e-15
5.938670e+00  1.267517e-15
6.261804e+00  1.208378e-15
6.602521e+00  1.137498e-15
6.961777e+00  1.068481e-15
7.340580e+00  9.730805e-16
7.739995e+00  8.754719e-16
8.161143e+00  7.650793e-16
8.605206e+00  6.666105e-16
9.073432e+00  5.399770e-16
9.567135e+00  4.185083e-16
1.008770e+01  2.957976e-16
1.063659e+01  1.984845e-16
1.121535e+01  1.101905e-16
1.182560e+01  5.681208e-17
1.246905e+01  2.498581e-17
1.314752e+01  6.884364e-18
1.386290e+01  1.269950e-68
1.461720e+01  1.445110e-68
1.541255e+01  1.674270e-68
1.625118e+01  1.937635e-68
1.713544e+01  2.240143e-68
1.806781e+01  2.540868e-68
1.905091e+01  2.932647e-68
2.008751e+01  3.381920e-68
2.118051e+01  3.896795e-68
2.233298e+01  4.408520e-68
2.354816e+01  5.072372e-68
2.482946e+01  5.831560e-68
2.618048e+01  6.699002e-68
2.760501e+01  7.560251e-68
2.910705e+01  8.671819e-68
3.069082e+01  9.938031e-68
3.236077e+01  1.137850e-67
3.412158e+01  1.209711e-67
3.597820e+01  1.275534e-67
