1.000000e-03  6.220041e-18
1.054412e-03  9.590411e-18
1.111784e-03  1.459354e-17
1.172279e-03  2.172275e-17
1.236065e-03  3.141609e-17
1.303321e-03  4.387698e-17
1.374238e-03  5.789039e-17
1.449012e-03  7.766424e-17
1.527856e-03  1.008431e-16
1.610989e-03  1.287216e-16
1.698646e-03  1.524009e-16
1.791073e-03  1.764350e-16
1.888529e-03  1.999800e-16
1.991287e-03  2.305946e-16
2.099637e-03  2.629258e-16
2.213882e-03  2.997110e-16
2.334344e-03  3.429395e-16
2.461360e-03  3.892497e-16
2.595287e-03  4.435851e-16
2.736502e-03  4.982000e-16
2.885400e-03  5.672054e-16
3.042400e-03  6.408063e-16
3.207943e-03  7.178105e-16
3.382493e-03  8.156410e-16
3.566541e-03  9.057811e-16
3.760603e-03  1.018939e-15
3.965225e-03  1.128824e-15
4.180980e-03  1.261084e-15
4.408475e-03  1.391324e-15
4.648349e-03  1.530764e-15
4.901274e-03  1.700782e-15
5.167962e-03  1.853131e-15
5.449160e-03  2.027348e-15
5.745660e-03  2.204310e-15
6.058292e-03  2.383180e-15
6.387935e-03  2.565098e-15
6.735515e-03  2.746872e-15
7.102007e-03  2.952821e-15
7.488441e-03  3.101947e-15
7.895901e-03  3.284365e-15
8.325532e-03  3.439911e-15
8.778540e-03  3.589385e-15
9.256197e-03  3.717129e-15
9.759844e-03  3.815582e-15
1.029090e-02  3.905769e-15
1.085084e-02  3.943088e-15
1.144126e-02  3.977758e-15
1.206380e-02  3.967312e-15
1.272021e-02  3.923736e-15
1.341234e-02  3.863792e-15
1.414214e-02  3.759685e-15
1.491164e-02  3.634633e-15
1.572301e-02  3.486027e-15
1.657853e-02  3.302452e-15
1.748059e-02  3.127751e-15
1.843175e-02  2.927726e-15
1.943465e-02  2.705973e-15
2.049213e-02  2.497085e-15
2.160715e-02  2.269998e-15
2.278283e-02  2.083977e-15
2.402249e-02  1.863069e-15
2.532960e-02  1.682500e-15
2.670783e-02  1.499529e-15
2.816105e-02  1.316226e-15
2.969335e-02  1.188651e-15
3.130902e-02  1.031956e-15
3.301261e-02  9.242902e-16
3.480888e-02  8.096036e-16
3.670290e-02  7.272021e-16
3.869998e-02  6.600117e-16
4.080572e-02  5.958574e-16
4.302603e-02  5.611941e-16
4.536716e-02  5.238467e-16
4.783567e-02  5.146077e-16
5.043850e-02  5.134133e-16
5.318296e-02  5.189511e-16
5.607674e-02  5.366767e-16
5.912799e-02  5.610631e-16
6.234525e-02  5.920946e-16
6.573758e-02  6.275291e-16
6.931448e-02  6.639428e-16
7.308602e-02  7.057195e-16
7.706277e-02  7.466537e-16
8.125590e-02  7.861177e-16
8.567719e-02  8.242389e-16
9.033905e-02  8.525165e-16
9.525456e-02  8.875371e-16
1.004375e-01  9.186577e-16
1.059025e-01  9.383744e-16
1.116649e-01  9.519136e-16
1.177408e-01  9.552586e-16
1.241473e-01  9.555156e-16
1.309024e-01  9.453057e-16
1.380250e-01  9.276001e-16
1.455352e-01  8.995410e-16
1.534541e-01  8.632469e-16
1.618038e-01  8.203575e-16
1.706079e-01  7.719081e-16
1.798910e-01  7.151912e-16
1.896792e-01  6.654553e-16
2.000000e-01  6.044249e-16
2.108824e-01  5.504573e-16
2.223569e-01  4.950288e-16
2.344558e-01  4.456130e-16
2.472129e-01  3.974820e-16
2.606643e-01  3.568582e-16
2.748475e-01  3.263653e-16
2.898025e-01  3.038009e-16
3.055712e-01  2.901322e-16
3.221979e-01  2.863469e-16
3.397293e-01  2.869362e-16
3.582146e-01  2.962636e-16
3.777057e-01  3.116124e-16
3.982574e-01  3.353419e-16
4.199274e-01  3.669023e-16
4.427764e-01  4.064361e-16
4.668687e-01  4.511196e-16
4.922720e-01  5.027791e-16
5.190574e-01  5.482399e-16
5.473003e-01  5.982441e-16
5.770800e-01  6.438791e-16
6.084800e-01  6.996271e-16
6.415885e-01  7.497119e-16
6.764986e-01  7.966489e-16
7.133082e-01  8.322345e-16
7.521206e-01  8.672074e-16
7.930449e-01  9.027160e-16
8.361960e-01  9.420086e-16
8.816950e-01  9.844239e-16
9.296697e-01  1.023073e-15
9.802548e-01  1.062710e-15
1.033592e+00  1.101370e-15
1.089832e+00  1.141945e-15
1.149132e+00  1.171397e-15
1.211658e+00  1.202056e-15
1.277587e+00  1.237394e-15
1.347103e+00  1.274667e-15
1.420401e+00  1.306536e-15
1.497688e+00  1.338052e-15
1.579180e+00  1.364650e-15
1.665106e+00  1.389160e-15
1.755708e+00  1.411620e-15
1.851239e+00  1.428861e-15
1.951969e+00  1.441643e-15
2.058179e+00  1.445693e-15
2.170169e+00  1.443765e-15
2.288252e+00  1.436795e-15
2.412760e+00  1.411265e-15
2.544043e+00  1.367499e-15
2.682469e+00  1.308525e-15
2.828427e+00  1.234361e-15
2.982327e+00  1.154759e-15
3.144601e+00  1.154275e-15
3.315705e+00  1.147593e-15
3.496119e+00  1.174060e-15
3.686349e+00  1.196267e-15
3.886931e+00  1.215871e-15
4.098426e+00  1.238200e-15
4.321429e+00  1.262687e-15
4.556566e+00  1.282776e-15
4.804498e+00  1.297038e-15
5.065920e+00  1.293204e-15
5.341566e+00  1.277837e-15
5.632211e+00  1.252381e-15
5.938670e+00  1.219208e-15
6.261804e+00  1.168723e-15
6.602521e+00  1.108328e-15
6.961777e+00  1.039916e-15
7.340580e+00  9.548360e-16
7.739995e+00  8.692640e-16
8.161143e+00  7.677321e-16
8.605206e+00  6.517376e-16
9.073432e+00  5.328909e-16
9.567135e+00  4.209203e-16
1.008770e+01  3.161332e-16
1.063659e+01  1.966026e-16
1.121535e+01  1.093260e-16
1.182560e+01  5.659940e-17
1.246905e+01  2.499433e-17
1.314752e+01  6.900780e-18
1.386290e+01  1.157406e-68
1.461720e+01  1.340886e-68
1.541255e+01  1.551547e-68
1.625118e+01  1.760809e-68
1.713544e+01  2.033456e-68
1.806781e+01  2.346031e-68
1.905091e+01  2.704189e-68
2.008751e+01  3.114349e-68
2.118051e+01  3.583787e-68
2.233298e+01  4.120739e-68
2.354816e+01  4.654180e-68
2.482946e+01  5.344159e-68
2.618048e+01  6.131786e-68
2.760501e+01  7.030119e-68
2.910705e+01  8.053762e-68
3.069082e+01  9.218986e-68
3.236077e+01  1.054386e-67
3.412158e+01  1.120859e-67
3.597820e+01  1.181847e-67
