1.000000e-03  5.318481e-18
1.054412e-03  8.308344e-18
1.111784e-03  1.271144e-17
1.172279e-03  1.900343e-17
1.236065e-03  2.639690e-17
1.303321e-03  3.749889e-17
1.374238e-03  5.145407e-17
1.449012e-03  6.959227e-17
1.527856e-03  9.187846e-17
1.610989e-03  1.186115e-16
1.698646e-03  1.399981e-16
1.791073e-03  1.611297e-16
1.888529e-03  1.836765e-16
1.991287e-03  2.116147e-16
2.099637e-03  2.425891e-16
2.213882e-03  2.768319e-16
2.334344e-03  3.148194e-16
2.461360e-03  3.567256e-16
2.595287e-03  4.092842e-16
2.736502e-03  4.613405e-16
2.885400e-03  5.247576e-16
3.042400e-03  5.912066e-16
3.207943e-03  6.616218e-16
3.382493e-03  7.516006e-16
3.566541e-03  8.388210e-16
3.760603e-03  9.453076e-16
3.965225e-03  1.040753e-15
4.180980e-03  1.162094e-15
4.408475e-03  1.289633e-15
4.648349e-03  1.424306e-15
4.901274e-03  1.582632e-15
5.167962e-03  1.720421e-15
5.449160e-03  1.882048e-15
5.745660e-03  2.045370e-15
6.058292e-03  2.222722e-15
6.387935e-03  2.398109e-15
6.735515e-03  2.567083e-15
7.102007e-03  2.748259e-15
7.488441e-03  2.900521e-15
7.895901e-03  3.080249e-15
8.325532e-03  3.228420e-15
8.778540e-03  3.372869e-15
9.256197e-03  3.489802e-15
9.759844e-03  3.584141e-15
1.029090e-02  3.680572e-15
1.085084e-02  3.718322e-15
1.144126e-02  3.756358e-15
1.206380e-02  3.747548e-15
1.272021e-02  3.714506e-15
1.341234e-02  3.657889e-15
1.414214e-02  3.563999e-15
1.491164e-02  3.447102e-15
1.572301e-02  3.319379e-15
1.657853e-02  3.150808e-15
1.748059e-02  2.978646e-15
1.843175e-02  2.783881e-15
1.943465e-02  2.573612e-15
2.049213e-02  2.385106e-15
2.160715e-02  2.172223e-15
2.278283e-02  1.987583e-15
2.402249e-02  1.778789e-15
2.532960e-02  1.605835e-15
2.670783e-02  1.443696e-15
2.816105e-02  1.271229e-15
2.969335e-02  1.138276e-15
3.130902e-02  9.838570e-16
3.301261e-02  8.808738e-16
3.480888e-02  7.737536e-16
3.670290e-02  6.955297e-16
3.869998e-02  6.269185e-16
4.080572e-02  5.646010e-16
4.302603e-02  5.305670e-16
4.536716e-02  4.933666e-16
4.783567e-02  4.861163e-16
5.043850e-02  4.809491e-16
5.318296e-02  4.858855e-16
5.607674e-02  5.025014e-16
5.912799e-02  5.229330e-16
6.234525e-02  5.517265e-16
6.573758e-02  5.870510e-16
6.931448e-02  6.205497e-16
7.308602e-02  6.602895e-16
7.706277e-02  6.988817e-16
8.125590e-02  7.305918e-16
8.567719e-02  7.713559e-16
9.033905e-02  8.002071e-16
9.525456e-02  8.338096e-16
1.004375e-01  8.641097e-16
1.059025e-01  8.825190e-16
1.116649e-01  8.976429e-16
1.177408e-01  9.022149e-16
1.241473e-01  9.042748e-16
1.309024e-01  8.943673e-16
1.380250e-01  8.784897e-16
1.455352e-01  8.532751e-16
1.534541e-01  8.196288e-16
1.618038e-01  7.786081e-16
1.706079e-01  7.334186e-16
1.798910e-01  6.829386e-16
1.896792e-01  6.347679e-16
2.000000e-01  5.776496e-16
2.108824e-01  5.248855e-16
2.223569e-01  4.718684e-16
2.344558e-01  4.229445e-16
2.472129e-01  3.765169e-16
2.606643e-01  3.365611e-16
2.748475e-01  3.061890e-16
2.898025e-01  2.832296e-16
3.055712e-01  2.688558e-16
3.221979e-01  2.645785e-16
3.397293e-01  2.636273e-16
3.582146e-01  2.712213e-16
3.777057e-01  2.845953e-16
3.982574e-01  3.054758e-16
4.199274e-01  3.337836e-16
4.427764e-01  3.693772e-16
4.668687e-01  4.067472e-16
4.922720e-01  4.576186e-16
5.190574e-01  4.976681e-16
5.473003e-01  5.438703e-16
5.770800e-01  5.882017e-16
6.084800e-01  6.388409e-16
6.415885e-01  6.856687e-16
6.764986e-01  7.298229e-16
7.133082e-01  7.627213e-16
7.521206e-01  7.967719e-16
7.930449e-01  8.293220e-16
8.361960e-01  8.656374e-16
8.816950e-01  9.054998e-16
9.296697e-01  9.428248e-16
9.802548e-01  9.805805e-16
1.033592e+00  1.017191e-15
1.089832e+00  1.054244e-15
1.149132e+00  1.083147e-15
1.211658e+00  1.113843e-15
1.277587e+00  1.148180e-15
1.347103e+00  1.184655e-15
1.420401e+00  1.217604e-15
1.497688e+00  1.248406e-15
1.579180e+00  1.274408e-15
1.665106e+00  1.298905e-15
1.755708e+00  1.322915e-15
1.851239e+00  1.345736e-15
1.951969e+00  1.359898e-15
2.058179e+00  1.368248e-15
2.170169e+00  1.369074e-15
2.288252e+00  1.358453e-15
2.412760e+00  1.338187e-15
2.544043e+00  1.299775e-15
2.682469e+00  1.246963e-15
2.828427e+00  1.177695e-15
2.982327e+00  1.109646e-15
3.144601e+00  1.104740e-15
3.315705e+00  1.099950e-15
3.496119e+00  1.125305e-15
3.686349e+00  1.150533e-15
3.886931e+00  1.171701e-15
4.098426e+00  1.195138e-15
4.321429e+00  1.220617e-15
4.556566e+00  1.241123e-15
4.804498e+00  1.258552e-15
5.065920e+00  1.257584e-15
5.341566e+00  1.244603e-15
5.632211e+00  1.223054e-15
5.938670e+00  1.193212e-15
6.261804e+00  1.146386e-15
6.602521e+00  1.090098e-15
6.961777e+00  1.021489e-15
7.340580e+00  9.394586e-16
7.739995e+00  8.576027e-16
8.161143e+00  7.601512e-16
8.605206e+00  6.481315e-16
9.073432e+00  5.303961e-16
9.567135e+00  4.299171e-16
1.008770e+01  3.132983e-16
1.063659e+01  1.949291e-16
1.121535e+01  1.084000e-16
1.182560e+01  5.626523e-17
1.246905e+01  2.488892e-17
1.314752e+01  6.888244e-18
1.386290e+01  1.106288e-68
1.461720e+01  1.281079e-68
1.541255e+01  1.481627e-68
1.625118e+01  1.711607e-68
1.713544e+01  1.975204e-68
1.806781e+01  2.237040e-68
1.905091e+01  2.577151e-68
2.008751e+01  2.966402e-68
2.118051e+01  3.411648e-68
2.233298e+01  3.920644e-68
2.354816e+01  4.502156e-68
2.482946e+01  5.166070e-68
2.618048e+01  5.923511e-68
2.760501e+01  6.786966e-68
2.910705e+01  7.770412e-68
3.069082e+01  8.889439e-68
3.236077e+01  1.016138e-67
3.412158e+01  1.080142e-67
3.597820e+01  1.138914e-67
