1.000000e-03  2.753294e-18
1.054412e-03  4.325845e-18
1.111784e-03  6.724278e-18
1.172279e-03  1.027425e-17
1.236065e-03  1.540213e-17
1.303321e-03  2.256242e-17
1.374238e-03  3.371523e-17
1.449012e-03  4.722442e-17
1.527856e-03  6.475539e-17
1.610989e-03  8.564068e-17
1.698646e-03  1.017799e-16
1.791073e-03  1.178032e-16
1.888529e-03  1.334167e-16
1.991287e-03  1.530756e-16
2.099637e-03  1.746094e-16
2.213882e-03  1.984035e-16
2.334344e-03  2.322663e-16
2.461360e-03  2.629874e-16
2.595287e-03  3.014332e-16
2.736502e-03  3.379291e-16
2.885400e-03  3.834583e-16
3.042400e-03  4.324053e-16
3.207943e-03  4.853056e-16
3.382493e-03  5.503157e-16
3.566541e-03  6.155411e-16
3.760603e-03  7.049377e-16
3.965225e-03  7.783904e-16
4.180980e-03  8.684671e-16
4.408475e-03  9.623586e-16
4.648349e-03  1.060056e-15
4.901274e-03  1.178117e-15
5.167962e-03  1.280488e-15
5.449160e-03  1.409476e-15
5.745660e-03  1.546314e-15
6.058292e-03  1.687977e-15
6.387935e-03  1.821890e-15
6.735515e-03  1.951466e-15
7.102007e-03  2.103532e-15
7.488441e-03  2.218783e-15
7.895901e-03  2.360314e-15
8.325532e-03  2.475230e-15
8.778540e-03  2.588640e-15
9.256197e-03  2.716202e-15
9.759844e-03  2.794914e-15
1.029090e-02  2.880685e-15
1.085084e-02  2.916512e-15
1.144126e-02  2.955153e-15
1.206380e-02  2.961123e-15
1.272021e-02  2.946371e-15
1.341234e-02  2.915158e-15
1.414214e-02  2.852487e-15
1.491164e-02  2.756435e-15
1.572301e-02  2.658423e-15
1.657853e-02  2.533186e-15
1.748059e-02  2.406830e-15
1.843175e-02  2.262272e-15
1.943465e-02  2.103658e-15
2.049213e-02  1.959626e-15
2.160715e-02  1.781772e-15
2.278283e-02  1.621469e-15
2.402249e-02  1.450380e-15
2.532960e-02  1.314866e-15
2.670783e-02  1.179232e-15
2.816105e-02  1.040822e-15
2.969335e-02  9.377255e-16
3.130902e-02  8.130681e-16
3.301261e-02  7.336343e-16
3.480888e-02  6.459778e-16
3.670290e-02  5.620225e-16
3.869998e-02  5.051482e-16
4.080572e-02  4.517282e-16
4.302603e-02  4.228457e-16
4.536716e-02  3.896934e-16
4.783567e-02  3.795282e-16
5.043850e-02  3.722350e-16
5.318296e-02  3.727715e-16
5.607674e-02  3.828358e-16
5.912799e-02  4.006139e-16
6.234525e-02  4.215317e-16
6.573758e-02  4.481557e-16
6.931448e-02  4.730739e-16
7.308602e-02  5.032136e-16
7.706277e-02  5.335313e-16
8.125590e-02  5.617051e-16
8.567719e-02  5.942425e-16
9.033905e-02  6.175808e-16
9.525456e-02  6.452499e-16
1.004375e-01  6.726364e-16
1.059025e-01  6.894231e-16
1.116649e-01  7.039775e-16
1.177408e-01  7.098697e-16
1.241473e-01  7.141377e-16
1.309024e-01  7.087414e-16
1.380250e-01  6.991940e-16
1.455352e-01  6.814990e-16
1.534541e-01  6.575819e-16
1.618038e-01  6.277656e-16
1.706079e-01  5.944753e-16
1.798910e-01  5.513310e-16
1.896792e-01  5.149523e-16
2.000000e-01  4.697424e-16
2.108824e-01  4.291682e-16
2.223569e-01  3.831436e-16
2.344558e-01  3.398441e-16
2.472129e-01  3.012304e-16
2.606643e-01  2.671969e-16
2.748475e-01  2.407269e-16
2.898025e-01  2.201602e-16
3.055712e-01  2.034947e-16
3.221979e-01  1.962909e-16
3.397293e-01  1.922269e-16
3.582146e-01  1.949942e-16
3.777057e-01  2.023647e-16
3.982574e-01  2.153791e-16
4.199274e-01  2.328516e-16
4.427764e-01  2.559727e-16
4.668687e-01  2.834329e-16
4.922720e-01  3.184798e-16
5.190574e-01  3.480488e-16
5.473003e-01  3.827262e-16
5.770800e-01  4.158425e-16
6.084800e-01  4.546493e-16
6.415885e-01  4.891499e-16
6.764986e-01  5.230683e-16
7.133082e-01  5.505591e-16
7.521206e-01  5.766814e-16
7.930449e-01  6.039627e-16
8.361960e-01  6.315074e-16
8.816950e-01  6.619766e-16
9.296697e-01  6.927976e-16
9.802548e-01  7.241762e-16
1.033592e+00  7.547918e-16
1.089832e+00  7.854604e-16
1.149132e+00  8.089092e-16
1.211658e+00  8.365206e-16
1.277587e+00  8.654275e-16
1.347103e+00  9.004726e-16
1.420401e+00  9.307270e-16
1.497688e+00  9.610489e-16
1.579180e+00  9.891457e-16
1.665106e+00  1.015431e-15
1.755708e+00  1.038713e-15
1.851239e+00  1.061738e-15
1.951969e+00  1.080056e-15
2.058179e+00  1.095933e-15
2.170169e+00  1.104690e-15
2.288252e+00  1.105301e-15
2.412760e+00  1.098920e-15
2.544043e+00  1.076836e-15
2.682469e+00  1.036259e-15
2.828427e+00  9.869688e-16
2.982327e+00  9.310277e-16
3.144601e+00  9.326959e-16
3.315705e+00  9.327242e-16
3.496119e+00  9.617647e-16
3.686349e+00  9.885384e-16
3.886931e+00  1.012765e-15
4.098426e+00  1.037924e-15
4.321429e+00  1.064332e-15
4.556566e+00  1.086954e-15
4.804498e+00  1.110063e-15
5.065920e+00  1.115350e-15
5.341566e+00  1.110923e-15
5.632211e+00  1.099631e-15
5.938670e+00  1.081144e-15
6.261804e+00  1.046539e-15
6.602521e+00  1.003777e-15
6.961777e+00  9.442649e-16
7.340580e+00  8.777591e-16
7.739995e+00  8.075330e-16
8.161143e+00  7.172901e-16
8.605206e+00  6.203289e-16
9.073432e+00  5.168632e-16
9.567135e+00  4.111426e-16
1.008770e+01  3.043525e-16
1.063659e+01  1.880853e-16
1.121535e+01  1.063656e-16
1.182560e+01  5.746472e-17
1.246905e+01  2.808328e-17
1.314752e+01  6.696317e-18
1.386290e+01  9.550509e-69
1.461720e+01  1.104123e-68
1.541255e+01  1.274747e-68
1.625118e+01  1.469939e-68
1.713544e+01  1.693125e-68
1.806781e+01  1.948195e-68
1.905091e+01  2.239564e-68
2.008751e+01  2.572236e-68
2.118051e+01  3.002018e-68
2.233298e+01  3.441885e-68
2.354816e+01  3.943293e-68
2.482946e+01  4.514534e-68
2.618048e+01  5.164950e-68
2.760501e+01  5.905040e-68
2.910705e+01  6.746589e-68
3.069082e+01  7.702782e-68
3.236077e+01  8.927287e-68
3.412158e+01  9.487694e-68
3.597820e+01  1.000394e-67
