1.000000e-03  1.852825e-18
1.054412e-03  2.891996e-18
1.111784e-03  4.545831e-18
1.172279e-03  7.039586e-18
1.236065e-03  1.132812e-17
1.303321e-03  1.674895e-17
1.374238e-03  2.453733e-17
1.449012e-03  3.493831e-17
1.527856e-03  5.031267e-17
1.610989e-03  6.753431e-17
1.698646e-03  8.127059e-17
1.791073e-03  9.479559e-17
1.888529e-03  1.077420e-16
1.991287e-03  1.241172e-16
2.099637e-03  1.413280e-16
2.213882e-03  1.610779e-16
2.334344e-03  1.857372e-16
2.461360e-03  2.108772e-16
2.595287e-03  2.411867e-16
2.736502e-03  2.718442e-16
2.885400e-03  3.103152e-16
3.042400e-03  3.514153e-16
3.207943e-03  3.955350e-16
3.382493e-03  4.486459e-16
3.566541e-03  4.984356e-16
3.760603e-03  5.679951e-16
3.965225e-03  6.303087e-16
4.180980e-03  7.017667e-16
4.408475e-03  7.823657e-16
4.648349e-03  8.656188e-16
4.901274e-03  9.664083e-16
5.167962e-03  1.048578e-15
5.449160e-03  1.158598e-15
5.745660e-03  1.258528e-15
6.058292e-03  1.378401e-15
6.387935e-03  1.495826e-15
6.735515e-03  1.600473e-15
7.102007e-03  1.735008e-15
7.488441e-03  1.834441e-15
7.895901e-03  1.957172e-15
8.325532e-03  2.053650e-15
8.778540e-03  2.151816e-15
9.256197e-03  2.249611e-15
9.759844e-03  2.325349e-15
1.029090e-02  2.405616e-15
1.085084e-02  2.437757e-15
1.144126e-02  2.476224e-15
1.206380e-02  2.484516e-15
1.272021e-02  2.474407e-15
1.341234e-02  2.453034e-15
1.414214e-02  2.403542e-15
1.491164e-02  2.336614e-15
1.572301e-02  2.254754e-15
1.657853e-02  2.155707e-15
1.748059e-02  2.047019e-15
1.843175e-02  1.922203e-15
1.943465e-02  1.785873e-15
2.049213e-02  1.664396e-15
2.160715e-02  1.514493e-15
2.278283e-02  1.399360e-15
2.402249e-02  1.248965e-15
2.532960e-02  1.127794e-15
2.670783e-02  1.016010e-15
2.816105e-02  8.918689e-16
2.969335e-02  8.019782e-16
3.130902e-02  6.929527e-16
3.301261e-02  6.253308e-16
3.480888e-02  5.502020e-16
3.670290e-02  4.863881e-16
3.869998e-02  4.320735e-16
4.080572e-02  3.826235e-16
4.302603e-02  3.578257e-16
4.536716e-02  3.267744e-16
4.783567e-02  3.171989e-16
5.043850e-02  3.100846e-16
5.318296e-02  3.091650e-16
5.607674e-02  3.174080e-16
5.912799e-02  3.289325e-16
6.234525e-02  3.464003e-16
6.573758e-02  3.693094e-16
6.931448e-02  3.891201e-16
7.308602e-02  4.162330e-16
7.706277e-02  4.409586e-16
8.125590e-02  4.640746e-16
8.567719e-02  4.920810e-16
9.033905e-02  5.119806e-16
9.525456e-02  5.360328e-16
1.004375e-01  5.580700e-16
1.059025e-01  5.745981e-16
1.116649e-01  5.885448e-16
1.177408e-01  5.940579e-16
1.241473e-01  5.989848e-16
1.309024e-01  5.959457e-16
1.380250e-01  5.893925e-16
1.455352e-01  5.756768e-16
1.534541e-01  5.563286e-16
1.618038e-01  5.323738e-16
1.706079e-01  5.051335e-16
1.798910e-01  4.681057e-16
1.896792e-01  4.375815e-16
2.000000e-01  4.004893e-16
2.108824e-01  3.642193e-16
2.223569e-01  3.277988e-16
2.344558e-01  2.918144e-16
2.472129e-01  2.567180e-16
2.606643e-01  2.250077e-16
2.748475e-01  2.018494e-16
2.898025e-01  1.827341e-16
3.055712e-01  1.670666e-16
3.221979e-01  1.601318e-16
3.397293e-01  1.555494e-16
3.582146e-01  1.570323e-16
3.777057e-01  1.611195e-16
3.982574e-01  1.706862e-16
4.199274e-01  1.846924e-16
4.427764e-01  2.021530e-16
4.668687e-01  2.239006e-16
4.922720e-01  2.532776e-16
5.190574e-01  2.759545e-16
5.473003e-01  3.037813e-16
5.770800e-01  3.297422e-16
6.084800e-01  3.640035e-16
6.415885e-01  3.921912e-16
6.764986e-01  4.202441e-16
7.133082e-01  4.450958e-16
7.521206e-01  4.668948e-16
7.930449e-01  4.889737e-16
8.361960e-01  5.156594e-16
8.816950e-01  5.411485e-16
9.296697e-01  5.659694e-16
9.802548e-01  5.938640e-16
1.033592e+00  6.201651e-16
1.089832e+00  6.472617e-16
1.149132e+00  6.694043e-16
1.211658e+00  6.936107e-16
1.277587e+00  7.194142e-16
1.347103e+00  7.501362e-16
1.420401e+00  7.805613e-16
1.497688e+00  8.092155e-16
1.579180e+00  8.353906e-16
1.665106e+00  8.628621e-16
1.755708e+00  8.884684e-16
1.851239e+00  9.104688e-16
1.951969e+00  9.300841e-16
2.058179e+00  9.473323e-16
2.170169e+00  9.595394e-16
2.288252e+00  9.635492e-16
2.412760e+00  9.603547e-16
2.544043e+00  9.446060e-16
2.682469e+00  9.226035e-16
2.828427e+00  8.729461e-16
2.982327e+00  8.277728e-16
3.144601e+00  8.300123e-16
3.315705e+00  8.350425e-16
3.496119e+00  8.624509e-16
3.686349e+00  8.891980e-16
3.886931e+00  9.163423e-16
4.098426e+00  9.422758e-16
4.321429e+00  9.679378e-16
4.556566e+00  9.918467e-16
4.804498e+00  1.016901e-15
5.065920e+00  1.023151e-15
5.341566e+00  1.022079e-15
5.632211e+00  1.017944e-15
5.938670e+00  1.005365e-15
6.261804e+00  9.751881e-16
6.602521e+00  9.384413e-16
6.961777e+00  8.901637e-16
7.340580e+00  8.320011e-16
7.739995e+00  7.602063e-16
8.161143e+00  6.843126e-16
8.605206e+00  5.969851e-16
9.073432e+00  5.012899e-16
9.567135e+00  3.912418e-16
1.008770e+01  2.913864e-16
1.063659e+01  1.868445e-16
1.121535e+01  1.066804e-16
1.182560e+01  5.475737e-17
1.246905e+01  2.680121e-17
1.314752e+01  6.428527e-18
1.386290e+01  8.561952e-69
1.461720e+01  1.007359e-68
1.541255e+01  1.161939e-68
1.625118e+01  1.338525e-68
1.713544e+01  1.540147e-68
1.806781e+01  1.800834e-68
1.905091e+01  2.067457e-68
2.008751e+01  2.371426e-68
2.118051e+01  2.717812e-68
2.233298e+01  3.163886e-68
2.354816e+01  3.619968e-68
2.482946e+01  4.138890e-68
2.618048e+01  4.805178e-68
2.760501e+01  5.485947e-68
2.910705e+01  6.259107e-68
3.069082e+01  7.136615e-68
3.236077e+01  8.258318e-68
3.412158e+01  8.775608e-68
3.597820e+01  9.253106e-68
