1.000000e-03  1.158279e-18
1.054412e-03  1.911056e-18
1.111784e-03  2.963890e-18
1.172279e-03  4.600624e-18
1.236065e-03  7.438024e-18
1.303321e-03  1.133888e-17
1.374238e-03  1.761677e-17
1.449012e-03  2.545003e-17
1.527856e-03  3.613577e-17
1.610989e-03  5.163270e-17
1.698646e-03  6.278708e-17
1.791073e-03  7.286481e-17
1.888529e-03  8.272310e-17
1.991287e-03  9.491282e-17
2.099637e-03  1.088620e-16
2.213882e-03  1.245019e-16
2.334344e-03  1.434405e-16
2.461360e-03  1.614618e-16
2.595287e-03  1.867592e-16
2.736502e-03  2.107952e-16
2.885400e-03  2.396714e-16
3.042400e-03  2.718300e-16
3.207943e-03  3.045705e-16
3.382493e-03  3.482492e-16
3.566541e-03  3.851006e-16
3.760603e-03  4.419380e-16
3.965225e-03  4.869140e-16
4.180980e-03  5.470949e-16
4.408475e-03  6.068026e-16
4.648349e-03  6.717021e-16
4.901274e-03  7.550648e-16
5.167962e-03  8.189186e-16
5.449160e-03  9.073239e-16
5.745660e-03  9.840464e-16
6.058292e-03  1.081743e-15
6.387935e-03  1.170700e-15
6.735515e-03  1.260638e-15
7.102007e-03  1.363908e-15
7.488441e-03  1.444315e-15
7.895901e-03  1.540812e-15
8.325532e-03  1.625077e-15
8.778540e-03  1.706360e-15
9.256197e-03  1.786437e-15
9.759844e-03  1.842056e-15
1.029090e-02  1.913779e-15
1.085084e-02  1.946072e-15
1.144126e-02  1.978248e-15
1.206380e-02  1.990316e-15
1.272021e-02  1.986153e-15
1.341234e-02  1.971983e-15
1.414214e-02  1.933755e-15
1.491164e-02  1.884015e-15
1.572301e-02  1.824773e-15
1.657853e-02  1.742379e-15
1.748059e-02  1.662781e-15
1.843175e-02  1.561463e-15
1.943465e-02  1.450628e-15
2.049213e-02  1.358164e-15
2.160715e-02  1.231735e-15
2.278283e-02  1.143152e-15
2.402249e-02  1.017095e-15
2.532960e-02  9.270362e-16
2.670783e-02  8.284639e-16
2.816105e-02  7.328893e-16
2.969335e-02  6.583748e-16
3.130902e-02  5.654559e-16
3.301261e-02  5.122936e-16
3.480888e-02  4.485388e-16
3.670290e-02  3.964647e-16
3.869998e-02  3.567120e-16
4.080572e-02  3.116479e-16
4.302603e-02  2.884080e-16
4.536716e-02  2.631752e-16
4.783567e-02  2.535150e-16
5.043850e-02  2.467060e-16
5.318296e-02  2.451001e-16
5.607674e-02  2.509891e-16
5.912799e-02  2.591531e-16
6.234525e-02  2.721052e-16
6.573758e-02  2.897344e-16
6.931448e-02  3.073191e-16
7.308602e-02  3.272623e-16
7.706277e-02  3.481016e-16
8.125590e-02  3.667689e-16
8.567719e-02  3.896480e-16
9.033905e-02  4.037850e-16
9.525456e-02  4.253544e-16
1.004375e-01  4.439899e-16
1.059025e-01  4.558358e-16
1.116649e-01  4.687876e-16
1.177408e-01  4.748318e-16
1.241473e-01  4.793808e-16
1.309024e-01  4.782076e-16
1.380250e-01  4.732147e-16
1.455352e-01  4.640672e-16
1.534541e-01  4.495935e-16
1.618038e-01  4.296397e-16
1.706079e-01  4.086507e-16
1.798910e-01  3.803883e-16
1.896792e-01  3.556325e-16
2.000000e-01  3.245695e-16
2.108824e-01  2.980390e-16
2.223569e-01  2.667651e-16
2.344558e-01  2.361574e-16
2.472129e-01  2.095376e-16
2.606643e-01  1.822871e-16
2.748475e-01  1.612789e-16
2.898025e-01  1.459277e-16
3.055712e-01  1.318553e-16
3.221979e-01  1.253578e-16
3.397293e-01  1.206724e-16
3.582146e-01  1.210517e-16
3.777057e-01  1.236573e-16
3.982574e-01  1.305364e-16
4.199274e-01  1.401421e-16
4.427764e-01  1.545007e-16
4.668687e-01  1.702976e-16
4.922720e-01  1.924441e-16
5.190574e-01  2.098519e-16
5.473003e-01  2.332479e-16
5.770800e-01  2.531884e-16
6.084800e-01  2.785164e-16
6.415885e-01  3.034244e-16
6.764986e-01  3.261670e-16
7.133082e-01  3.444148e-16
7.521206e-01  3.647845e-16
7.930449e-01  3.845284e-16
8.361960e-01  4.043618e-16
8.816950e-01  4.281025e-16
9.296697e-01  4.493551e-16
9.802548e-01  4.725925e-16
1.033592e+00  4.948695e-16
1.089832e+00  5.181768e-16
1.149132e+00  5.369348e-16
1.211658e+00  5.572525e-16
1.277587e+00  5.816475e-16
1.347103e+00  6.086982e-16
1.420401e+00  6.336190e-16
1.497688e+00  6.621587e-16
1.579180e+00  6.875360e-16
1.665106e+00  7.142548e-16
1.755708e+00  7.378407e-16
1.851239e+00  7.627780e-16
1.951969e+00  7.811302e-16
2.058179e+00  7.987623e-16
2.170169e+00  8.151109e-16
2.288252e+00  8.184468e-16
2.412760e+00  8.235906e-16
2.544043e+00  8.109260e-16
2.682469e+00  7.928755e-16
2.828427e+00  7.644608e-16
2.982327e+00  7.186353e-16
3.144601e+00  7.255793e-16
3.315705e+00  7.317711e-16
3.496119e+00  7.586420e-16
3.686349e+00  7.862838e-16
3.886931e+00  8.115847e-16
4.098426e+00  8.366202e-16
4.321429e+00  8.646900e-16
4.556566e+00  8.889199e-16
4.804498e+00  9.089166e-16
5.065920e+00  9.228706e-16
5.341566e+00  9.251966e-16
5.632211e+00  9.224843e-16
5.938670e+00  9.153654e-16
6.261804e+00  8.947266e-16
6.602521e+00  8.660327e-16
6.961777e+00  8.214884e-16
7.340580e+00  7.712472e-16
7.739995e+00  7.111285e-16
8.161143e+00  6.440668e-16
8.605206e+00  5.635603e-16
9.073432e+00  4.676427e-16
9.567135e+00  3.815235e-16
1.008770e+01  2.778414e-16
1.063659e+01  1.742925e-16
1.121535e+01  1.024695e-16
1.182560e+01  5.121949e-17
1.246905e+01  2.514729e-17
1.314752e+01  6.065745e-18
1.386290e+01  7.787743e-69
1.461720e+01  8.989761e-69
1.541255e+01  1.054600e-68
1.625118e+01  1.213556e-68
1.713544e+01  1.418822e-68
1.806781e+01  1.628517e-68
1.905091e+01  1.867322e-68
2.008751e+01  2.174701e-68
2.118051e+01  2.488725e-68
2.233298e+01  2.892110e-68
2.354816e+01  3.304163e-68
2.482946e+01  3.772287e-68
2.618048e+01  4.371929e-68
2.760501e+01  4.984166e-68
2.910705e+01  5.766827e-68
3.069082e+01  6.565474e-68
3.236077e+01  7.584180e-68
3.412158e+01  8.058078e-68
3.597820e+01  8.496533e-68
