1.000000e-03  8.853541e-19
1.054412e-03  1.448589e-18
1.111784e-03  2.237857e-18
1.172279e-03  3.690932e-18
1.236065e-03  5.670015e-18
1.303321e-03  9.133211e-18
1.374238e-03  1.360129e-17
1.449012e-03  2.094425e-17
1.527856e-03  2.997237e-17
1.610989e-03  4.359176e-17
1.698646e-03  5.274512e-17
1.791073e-03  6.149441e-17
1.888529e-03  7.030318e-17
1.991287e-03  8.020673e-17
2.099637e-03  9.257690e-17
2.213882e-03  1.045055e-16
2.334344e-03  1.217255e-16
2.461360e-03  1.360155e-16
2.595287e-03  1.587909e-16
2.736502e-03  1.767960e-16
2.885400e-03  2.028799e-16
3.042400e-03  2.293599e-16
3.207943e-03  2.581967e-16
3.382493e-03  2.969500e-16
3.566541e-03  3.270603e-16
3.760603e-03  3.766197e-16
3.965225e-03  4.118506e-16
4.180980e-03  4.664642e-16
4.408475e-03  5.147657e-16
4.648349e-03  5.732068e-16
4.901274e-03  6.382131e-16
5.167962e-03  6.978764e-16
5.449160e-03  7.712615e-16
5.745660e-03  8.401506e-16
6.058292e-03  9.178685e-16
6.387935e-03  9.975817e-16
6.735515e-03  1.079510e-15
7.102007e-03  1.165827e-15
7.488441e-03  1.238363e-15
7.895901e-03  1.319713e-15
8.325532e-03  1.394211e-15
8.778540e-03  1.459934e-15
9.256197e-03  1.535189e-15
9.759844e-03  1.581086e-15
1.029090e-02  1.647464e-15
1.085084e-02  1.670792e-15
1.144126e-02  1.705334e-15
1.206380e-02  1.716021e-15
1.272021e-02  1.714859e-15
1.341234e-02  1.702276e-15
1.414214e-02  1.674758e-15
1.491164e-02  1.629173e-15
1.572301e-02  1.582936e-15
1.657853e-02  1.508130e-15
1.748059e-02  1.443061e-15
1.843175e-02  1.355532e-15
1.943465e-02  1.264574e-15
2.049213e-02  1.180030e-15
2.160715e-02  1.067871e-15
2.278283e-02  9.935617e-16
2.402249e-02  8.831332e-16
2.532960e-02  8.095452e-16
2.670783e-02  7.198449e-16
2.816105e-02  6.395109e-16
2.969335e-02  5.722202e-16
3.130902e-02  4.972662e-16
3.301261e-02  4.456849e-16
3.480888e-02  3.927467e-16
3.670290e-02  3.443816e-16
3.869998e-02  3.095691e-16
4.080572e-02  2.705193e-16
4.302603e-02  2.495355e-16
4.536716e-02  2.271246e-16
4.783567e-02  2.185540e-16
5.043850e-02  2.120699e-16
5.318296e-02  2.103295e-16
5.607674e-02  2.146052e-16
5.912799e-02  2.219936e-16
6.234525e-02  2.324167e-16
6.573758e-02  2.483070e-16
6.931448e-02  2.619109e-16
7.308602e-02  2.800824e-16
7.706277e-02  2.984531e-16
8.125590e-02  3.140025e-16
8.567719e-02  3.341899e-16
9.033905e-02  3.463802e-16
9.525456e-02  3.645343e-16
1.004375e-01  3.812894e-16
1.059025e-01  3.920805e-16
1.116649e-01  4.034327e-16
1.177408e-01  4.089537e-16
1.241473e-01  4.134102e-16
1.309024e-01  4.125616e-16
1.380250e-01  4.092514e-16
1.455352e-01  4.012486e-16
1.534541e-01  3.895554e-16
1.618038e-01  3.727210e-16
1.706079e-01  3.539063e-16
1.798910e-01  3.302019e-16
1.896792e-01  3.083206e-16
2.000000e-01  2.834542e-16
2.108824e-01  2.585352e-16
2.223569e-01  2.329076e-16
2.344558e-01  2.052260e-16
2.472129e-01  1.814712e-16
2.606643e-01  1.576867e-16
2.748475e-01  1.391146e-16
2.898025e-01  1.254163e-16
3.055712e-01  1.126099e-16
3.221979e-01  1.069395e-16
3.397293e-01  1.022720e-16
3.582146e-01  1.025673e-16
3.777057e-01  1.042520e-16
3.982574e-01  1.098815e-16
4.199274e-01  1.183730e-16
4.427764e-01  1.292473e-16
4.668687e-01  1.436638e-16
4.922720e-01  1.614110e-16
5.190574e-01  1.774037e-16
5.473003e-01  1.971382e-16
5.770800e-01  2.143941e-16
6.084800e-01  2.370965e-16
6.415885e-01  2.577826e-16
6.764986e-01  2.783441e-16
7.133082e-01  2.947525e-16
7.521206e-01  3.129974e-16
7.930449e-01  3.301991e-16
8.361960e-01  3.482329e-16
8.816950e-01  3.691402e-16
9.296697e-01  3.887076e-16
9.802548e-01  4.095893e-16
1.033592e+00  4.285845e-16
1.089832e+00  4.508896e-16
1.149132e+00  4.676347e-16
1.211658e+00  4.865976e-16
1.277587e+00  5.089283e-16
1.347103e+00  5.335064e-16
1.420401e+00  5.577254e-16
1.497688e+00  5.837453e-16
1.579180e+00  6.087593e-16
1.665106e+00  6.336080e-16
1.755708e+00  6.586579e-16
1.851239e+00  6.812539e-16
1.951969e+00  7.013619e-16
2.058179e+00  7.188593e-16
2.170169e+00  7.333374e-16
2.288252e+00  7.425494e-16
2.412760e+00  7.459258e-16
2.544043e+00  7.398109e-16
2.682469e+00  7.226287e-16
2.828427e+00  6.961943e-16
2.982327e+00  6.599692e-16
3.144601e+00  6.651949e-16
3.315705e+00  6.733257e-16
3.496119e+00  6.998412e-16
3.686349e+00  7.270153e-16
3.886931e+00  7.514125e-16
4.098426e+00  7.772933e-16
4.321429e+00  8.028422e-16
4.556566e+00  8.278549e-16
4.804498e+00  8.479548e-16
5.065920e+00  8.618145e-16
5.341566e+00  8.663078e-16
5.632211e+00  8.659669e-16
5.938670e+00  8.608502e-16
6.261804e+00  8.441329e-16
6.602521e+00  8.171987e-16
6.961777e+00  7.806681e-16
7.340580e+00  7.315590e-16
7.739995e+00  6.793839e-16
8.161143e+00  6.127336e-16
8.605206e+00  5.367317e-16
9.073432e+00  4.470906e-16
9.567135e+00  3.646391e-16
1.008770e+01  2.646017e-16
1.063659e+01  1.685001e-16
1.121535e+01  9.764744e-17
1.182560e+01  5.192044e-17
1.246905e+01  2.402780e-17
1.314752e+01  5.819032e-18
1.386290e+01  7.386028e-69
1.461720e+01  8.520931e-69
1.541255e+01  9.988298e-69
1.625118e+01  1.148596e-68
1.713544e+01  1.341723e-68
1.806781e+01  1.538879e-68
1.905091e+01  1.792525e-68
2.008751e+01  2.051490e-68
2.118051e+01  2.383963e-68
2.233298e+01  2.723403e-68
2.354816e+01  3.158347e-68
2.482946e+01  3.602343e-68
2.618048e+01  4.170186e-68
2.760501e+01  4.749678e-68
2.910705e+01  5.489377e-68
3.069082e+01  6.243892e-68
3.236077e+01  7.204995e-68
3.412158e+01  7.654517e-68
3.597820e+01  8.071014e-68
