1.000000e-03  6.202712e-19
1.054412e-03  9.879081e-19
1.111784e-03  1.511655e-18
1.172279e-03  2.478514e-18
1.236065e-03  4.014801e-18
1.303321e-03  6.145872e-18
1.374238e-03  9.787134e-18
1.449012e-03  1.518082e-17
1.527856e-03  2.210509e-17
1.610989e-03  3.282168e-17
1.698646e-03  3.964786e-17
1.791073e-03  4.661069e-17
1.888529e-03  5.242028e-17
1.991287e-03  6.110265e-17
2.099637e-03  6.927370e-17
2.213882e-03  7.956443e-17
2.334344e-03  9.142920e-17
2.461360e-03  1.034522e-16
2.595287e-03  1.206330e-16
2.736502e-03  1.342370e-16
2.885400e-03  1.542720e-16
3.042400e-03  1.736360e-16
3.207943e-03  1.964869e-16
3.382493e-03  2.236516e-16
3.566541e-03  2.491459e-16
3.760603e-03  2.847482e-16
3.965225e-03  3.142034e-16
4.180980e-03  3.534092e-16
4.408475e-03  3.933775e-16
4.648349e-03  4.352236e-16
4.901274e-03  4.887582e-16
5.167962e-03  5.311308e-16
5.449160e-03  5.895503e-16
5.745660e-03  6.413203e-16
6.058292e-03  6.990828e-16
6.387935e-03  7.662833e-16
6.735515e-03  8.180587e-16
7.102007e-03  8.973633e-16
7.488441e-03  9.426120e-16
7.895901e-03  1.017051e-15
8.325532e-03  1.072039e-15
8.778540e-03  1.126251e-15
9.256197e-03  1.184218e-15
9.759844e-03  1.221242e-15
1.029090e-02  1.274258e-15
1.085084e-02  1.292399e-15
1.144126e-02  1.321653e-15
1.206380e-02  1.329868e-15
1.272021e-02  1.331509e-15
1.341234e-02  1.324710e-15
1.414214e-02  1.302931e-15
1.491164e-02  1.272041e-15
1.572301e-02  1.232966e-15
1.657853e-02  1.180611e-15
1.748059e-02  1.126610e-15
1.843175e-02  1.063467e-15
1.943465e-02  9.905997e-16
2.049213e-02  9.235822e-16
2.160715e-02  8.426344e-16
2.278283e-02  7.784977e-16
2.402249e-02  7.068910e-16
2.532960e-02  6.343887e-16
2.670783e-02  5.685383e-16
2.816105e-02  5.009179e-16
2.969335e-02  4.519704e-16
3.130902e-02  3.896899e-16
3.301261e-02  3.515378e-16
3.480888e-02  3.083310e-16
3.670290e-02  2.706478e-16
3.869998e-02  2.439987e-16
4.080572e-02  2.114202e-16
4.302603e-02  1.978602e-16
4.536716e-02  1.764571e-16
4.783567e-02  1.707120e-16
5.043850e-02  1.641276e-16
5.318296e-02  1.621294e-16
5.607674e-02  1.654015e-16
5.912799e-02  1.699329e-16
6.234525e-02  1.785076e-16
6.573758e-02  1.906821e-16
6.931448e-02  2.006444e-16
7.308602e-02  2.153621e-16
7.706277e-02  2.279951e-16
8.125590e-02  2.417143e-16
8.567719e-02  2.567241e-16
9.033905e-02  2.665206e-16
9.525456e-02  2.810088e-16
1.004375e-01  2.944754e-16
1.059025e-01  3.026454e-16
1.116649e-01  3.122840e-16
1.177408e-01  3.166431e-16
1.241473e-01  3.206295e-16
1.309024e-01  3.205094e-16
1.380250e-01  3.182531e-16
1.455352e-01  3.125383e-16
1.534541e-01  3.037307e-16
1.618038e-01  2.912467e-16
1.706079e-01  2.772837e-16
1.798910e-01  2.576089e-16
1.896792e-01  2.417383e-16
2.000000e-01  2.214702e-16
2.108824e-01  2.028720e-16
2.223569e-01  1.823041e-16
2.344558e-01  1.612191e-16
2.472129e-01  1.423624e-16
2.606643e-01  1.242397e-16
2.748475e-01  1.093376e-16
2.898025e-01  9.678052e-17
3.055712e-01  8.718922e-17
3.221979e-01  8.165864e-17
3.397293e-01  7.783392e-17
3.582146e-01  7.767910e-17
3.777057e-01  7.867906e-17
3.982574e-01  8.298357e-17
4.199274e-01  8.902804e-17
4.427764e-01  9.803838e-17
4.668687e-01  1.087803e-16
4.922720e-01  1.220023e-16
5.190574e-01  1.345024e-16
5.473003e-01  1.494115e-16
5.770800e-01  1.634369e-16
6.084800e-01  1.813724e-16
6.415885e-01  1.984154e-16
6.764986e-01  2.146197e-16
7.133082e-01  2.281414e-16
7.521206e-01  2.432964e-16
7.930449e-01  2.576223e-16
8.361960e-01  2.732228e-16
8.816950e-01  2.908095e-16
9.296697e-01  3.076394e-16
9.802548e-01  3.256436e-16
1.033592e+00  3.414274e-16
1.089832e+00  3.602128e-16
1.149132e+00  3.746618e-16
1.211658e+00  3.912558e-16
1.277587e+00  4.104953e-16
1.347103e+00  4.327634e-16
1.420401e+00  4.530674e-16
1.497688e+00  4.767946e-16
1.579180e+00  4.990039e-16
1.665106e+00  5.219946e-16
1.755708e+00  5.459779e-16
1.851239e+00  5.685861e-16
1.951969e+00  5.878393e-16
2.058179e+00  6.059179e-16
2.170169e+00  6.206691e-16
2.288252e+00  6.283873e-16
2.412760e+00  6.355697e-16
2.544043e+00  6.309683e-16
2.682469e+00  6.189076e-16
2.828427e+00  5.985868e-16
2.982327e+00  5.701108e-16
3.144601e+00  5.764170e-16
3.315705e+00  5.875997e-16
3.496119e+00  6.134317e-16
3.686349e+00  6.394341e-16
3.886931e+00  6.634655e-16
4.098426e+00  6.876373e-16
4.321429e+00  7.132076e-16
4.556566e+00  7.362704e-16
4.804498e+00  7.562036e-16
5.065920e+00  7.704310e-16
5.341566e+00  7.766354e-16
5.632211e+00  7.796889e-16
5.938670e+00  7.787748e-16
6.261804e+00  7.666137e-16
6.602521e+00  7.465170e-16
6.961777e+00  7.145935e-16
7.340580e+00  6.754019e-16
7.739995e+00  6.286092e-16
8.161143e+00  5.694999e-16
8.605206e+00  5.010974e-16
9.073432e+00  4.221773e-16
9.567135e+00  3.399041e-16
1.008770e+01  2.558818e-16
1.063659e+01  1.593423e-16
1.121535e+01  9.238300e-17
1.182560e+01  4.782224e-17
1.246905e+01  2.212723e-17
1.314752e+01  5.390625e-18
1.386290e+01  6.632617e-69
1.461720e+01  7.785463e-69
1.541255e+01  8.960517e-69
1.625118e+01  1.047487e-68
1.713544e+01  1.222202e-68
1.806781e+01  1.400368e-68
1.905091e+01  1.629095e-68
2.008751e+01  1.892532e-68
2.118051e+01  2.161234e-68
2.233298e+01  2.505086e-68
2.354816e+01  2.900494e-68
2.482946e+01  3.303791e-68
2.618048e+01  3.818400e-68
2.760501e+01  4.409200e-68
2.910705e+01  5.011582e-68
3.069082e+01  5.778031e-68
3.236077e+01  6.559171e-68
3.412158e+01  7.070578e-68
3.597820e+01  7.455301e-68
