1.000000e-03  5.091493e-19
1.054412e-03  8.063776e-19
1.111784e-03  1.288762e-18
1.172279e-03  1.968966e-18
1.236065e-03  3.202798e-18
1.303321e-03  5.195377e-18
1.374238e-03  8.239038e-18
1.449012e-03  1.228914e-17
1.527856e-03  1.890581e-17
1.610989e-03  2.844548e-17
1.698646e-03  3.432834e-17
1.791073e-03  4.054235e-17
1.888529e-03  4.543067e-17
1.991287e-03  5.288694e-17
2.099637e-03  6.008255e-17
2.213882e-03  6.893552e-17
2.334344e-03  7.937237e-17
2.461360e-03  8.972689e-17
2.595287e-03  1.039240e-16
2.736502e-03  1.165294e-16
2.885400e-03  1.330022e-16
3.042400e-03  1.508532e-16
3.207943e-03  1.698891e-16
3.382493e-03  1.944656e-16
3.566541e-03  2.157318e-16
3.760603e-03  2.476513e-16
3.965225e-03  2.723643e-16
4.180980e-03  3.074119e-16
4.408475e-03  3.414091e-16
4.648349e-03  3.788861e-16
4.901274e-03  4.241497e-16
5.167962e-03  4.628180e-16
5.449160e-03  5.121660e-16
5.745660e-03  5.591438e-16
6.058292e-03  6.080425e-16
6.387935e-03  6.665319e-16
6.735515e-03  7.135583e-16
7.102007e-03  7.817387e-16
7.488441e-03  8.228378e-16
7.895901e-03  8.868605e-16
8.325532e-03  9.314055e-16
8.778540e-03  9.831498e-16
9.256197e-03  1.031290e-15
9.759844e-03  1.067372e-15
1.029090e-02  1.112181e-15
1.085084e-02  1.130900e-15
1.144126e-02  1.155673e-15
1.206380e-02  1.164790e-15
1.272021e-02  1.166391e-15
1.341234e-02  1.161201e-15
1.414214e-02  1.143209e-15
1.491164e-02  1.115645e-15
1.572301e-02  1.082023e-15
1.657853e-02  1.036026e-15
1.748059e-02  9.892849e-16
1.843175e-02  9.338431e-16
1.943465e-02  8.702318e-16
2.049213e-02  8.145642e-16
2.160715e-02  7.404951e-16
2.278283e-02  6.867609e-16
2.402249e-02  6.217764e-16
2.532960e-02  5.596364e-16
2.670783e-02  5.076412e-16
2.816105e-02  4.417488e-16
2.969335e-02  4.033698e-16
3.130902e-02  3.434587e-16
3.301261e-02  3.091148e-16
3.480888e-02  2.718939e-16
3.670290e-02  2.378765e-16
3.869998e-02  2.147413e-16
4.080572e-02  1.856083e-16
4.302603e-02  1.736958e-16
4.536716e-02  1.547023e-16
4.783567e-02  1.494590e-16
5.043850e-02  1.435591e-16
5.318296e-02  1.416161e-16
5.607674e-02  1.443431e-16
5.912799e-02  1.482578e-16
6.234525e-02  1.556457e-16
6.573758e-02  1.656993e-16
6.931448e-02  1.749824e-16
7.308602e-02  1.871520e-16
7.706277e-02  1.991004e-16
8.125590e-02  2.105145e-16
8.567719e-02  2.240153e-16
9.033905e-02  2.327705e-16
9.525456e-02  2.455153e-16
1.004375e-01  2.564477e-16
1.059025e-01  2.645864e-16
1.116649e-01  2.731101e-16
1.177408e-01  2.770814e-16
1.241473e-01  2.808796e-16
1.309024e-01  2.808276e-16
1.380250e-01  2.788143e-16
1.455352e-01  2.742825e-16
1.534541e-01  2.669010e-16
1.618038e-01  2.560037e-16
1.706079e-01  2.434902e-16
1.798910e-01  2.278879e-16
1.896792e-01  2.137590e-16
2.000000e-01  1.950937e-16
2.108824e-01  1.797739e-16
2.223569e-01  1.609321e-16
2.344558e-01  1.425956e-16
2.472129e-01  1.251929e-16
2.606643e-01  1.092678e-16
2.748475e-01  9.583536e-17
2.898025e-01  8.519424e-17
3.055712e-01  7.609886e-17
3.221979e-01  7.112550e-17
3.397293e-01  6.760458e-17
3.582146e-01  6.748188e-17
3.777057e-01  6.823675e-17
3.982574e-01  7.177140e-17
4.199274e-01  7.742021e-17
4.427764e-01  8.533376e-17
4.668687e-01  9.443420e-17
4.922720e-01  1.063148e-16
5.190574e-01  1.171098e-16
5.473003e-01  1.300469e-16
5.770800e-01  1.427798e-16
6.084800e-01  1.582195e-16
6.415885e-01  1.741364e-16
6.764986e-01  1.888158e-16
7.133082e-01  2.008873e-16
7.521206e-01  2.143857e-16
7.930449e-01  2.276759e-16
8.361960e-01  2.421787e-16
8.816950e-01  2.583047e-16
9.296697e-01  2.740802e-16
9.802548e-01  2.897935e-16
1.033592e+00  3.049752e-16
1.089832e+00  3.222471e-16
1.149132e+00  3.352200e-16
1.211658e+00  3.507298e-16
1.277587e+00  3.690600e-16
1.347103e+00  3.887410e-16
1.420401e+00  4.083087e-16
1.497688e+00  4.311613e-16
1.579180e+00  4.513160e-16
1.665106e+00  4.738281e-16
1.755708e+00  4.966599e-16
1.851239e+00  5.180169e-16
1.951969e+00  5.382272e-16
2.058179e+00  5.551821e-16
2.170169e+00  5.711439e-16
2.288252e+00  5.813310e-16
2.412760e+00  5.866179e-16
2.544043e+00  5.819271e-16
2.682469e+00  5.768835e-16
2.828427e+00  5.564131e-16
2.982327e+00  5.282476e-16
3.144601e+00  5.354566e-16
3.315705e+00  5.473091e-16
3.496119e+00  5.732876e-16
3.686349e+00  5.998661e-16
3.886931e+00  6.221783e-16
4.098426e+00  6.469459e-16
4.321429e+00  6.715797e-16
4.556566e+00  6.945257e-16
4.804498e+00  7.139907e-16
5.065920e+00  7.282963e-16
5.341566e+00  7.346759e-16
5.632211e+00  7.390883e-16
5.938670e+00  7.392500e-16
6.261804e+00  7.281563e-16
6.602521e+00  7.113114e-16
6.961777e+00  6.828608e-16
7.340580e+00  6.455624e-16
7.739995e+00  6.002200e-16
8.161143e+00  5.485259e-16
8.605206e+00  4.819011e-16
9.073432e+00  4.051645e-16
9.567135e+00  3.340630e-16
1.008770e+01  2.486048e-16
1.063659e+01  1.549151e-16
1.121535e+01  8.861897e-17
1.182560e+01  4.581770e-17
1.246905e+01  2.120873e-17
1.314752e+01  5.163764e-18
1.386290e+01  6.349387e-69
1.461720e+01  7.450165e-69
1.541255e+01  8.571497e-69
1.625118e+01  1.001526e-68
1.713544e+01  1.167956e-68
1.806781e+01  1.359688e-68
1.905091e+01  1.555129e-68
2.008751e+01  1.805475e-68
2.118051e+01  2.093408e-68
2.233298e+01  2.386969e-68
2.354816e+01  2.761846e-68
2.482946e+01  3.192343e-68
2.618048e+01  3.686438e-68
2.760501e+01  4.190113e-68
2.910705e+01  4.830878e-68
3.069082e+01  5.565055e-68
3.236077e+01  6.313091e-68
3.412158e+01  6.803925e-68
3.597820e+01  7.174140e-68
