1.000000e-03  4.774167e-19
1.054412e-03  7.455603e-19
1.111784e-03  1.130463e-18
1.172279e-03  1.820504e-18
1.236065e-03  2.970096e-18
1.303321e-03  4.758221e-18
1.374238e-03  7.638359e-18
1.449012e-03  1.134027e-17
1.527856e-03  1.757211e-17
1.610989e-03  2.617756e-17
1.698646e-03  3.203045e-17
1.791073e-03  3.744173e-17
1.888529e-03  4.240448e-17
1.991287e-03  4.889277e-17
2.099637e-03  5.609713e-17
2.213882e-03  6.379687e-17
2.334344e-03  7.411971e-17
2.461360e-03  8.312329e-17
2.595287e-03  9.704469e-17
2.736502e-03  1.080837e-16
2.885400e-03  1.242116e-16
3.042400e-03  1.400860e-16
3.207943e-03  1.584584e-16
3.382493e-03  1.807827e-16
3.566541e-03  2.012617e-16
3.760603e-03  2.304148e-16
3.965225e-03  2.542276e-16
4.180980e-03  2.870850e-16
4.408475e-03  3.188096e-16
4.648349e-03  3.538730e-16
4.901274e-03  3.961973e-16
5.167962e-03  4.323148e-16
5.449160e-03  4.784060e-16
5.745660e-03  5.224569e-16
6.058292e-03  5.681202e-16
6.387935e-03  6.229976e-16
6.735515e-03  6.658597e-16
7.102007e-03  7.308180e-16
7.488441e-03  7.683753e-16
7.895901e-03  8.290604e-16
8.325532e-03  8.704056e-16
8.778540e-03  9.192757e-16
9.256197e-03  9.643086e-16
9.759844e-03  9.981800e-16
1.029090e-02  1.040433e-15
1.085084e-02  1.057834e-15
1.144126e-02  1.081399e-15
1.206380e-02  1.089798e-15
1.272021e-02  1.091782e-15
1.341234e-02  1.086682e-15
1.414214e-02  1.070357e-15
1.491164e-02  1.044335e-15
1.572301e-02  1.015313e-15
1.657853e-02  9.700540e-16
1.748059e-02  9.287356e-16
1.843175e-02  8.745555e-16
1.943465e-02  8.171174e-16
2.049213e-02  7.630436e-16
2.160715e-02  6.953842e-16
2.278283e-02  6.433846e-16
2.402249e-02  5.837986e-16
2.532960e-02  5.243408e-16
2.670783e-02  4.765943e-16
2.816105e-02  4.138982e-16
2.969335e-02  3.786152e-16
3.130902e-02  3.219201e-16
3.301261e-02  2.939430e-16
3.480888e-02  2.548060e-16
3.670290e-02  2.256600e-16
3.869998e-02  2.012282e-16
4.080572e-02  1.754043e-16
4.302603e-02  1.626941e-16
4.536716e-02  1.454598e-16
4.783567e-02  1.398918e-16
5.043850e-02  1.343055e-16
5.318296e-02  1.324620e-16
5.607674e-02  1.345997e-16
5.912799e-02  1.386254e-16
6.234525e-02  1.454455e-16
6.573758e-02  1.548456e-16
6.931448e-02  1.635695e-16
7.308602e-02  1.749486e-16
7.706277e-02  1.859019e-16
8.125590e-02  1.966462e-16
8.567719e-02  2.094531e-16
9.033905e-02  2.176351e-16
9.525456e-02  2.295819e-16
1.004375e-01  2.398517e-16
1.059025e-01  2.473993e-16
1.116649e-01  2.554870e-16
1.177408e-01  2.592501e-16
1.241473e-01  2.628353e-16
1.309024e-01  2.625398e-16
1.380250e-01  2.610066e-16
1.455352e-01  2.570373e-16
1.534541e-01  2.501860e-16
1.618038e-01  2.397227e-16
1.706079e-01  2.282469e-16
1.798910e-01  2.134352e-16
1.896792e-01  2.003234e-16
2.000000e-01  1.830655e-16
2.108824e-01  1.688362e-16
2.223569e-01  1.507833e-16
2.344558e-01  1.336748e-16
2.472129e-01  1.172956e-16
2.606643e-01  1.023635e-16
2.748475e-01  8.976237e-17
2.898025e-01  7.970475e-17
3.055712e-01  7.110812e-17
3.221979e-01  6.651151e-17
3.397293e-01  6.308496e-17
3.582146e-01  6.287427e-17
3.777057e-01  6.357067e-17
3.982574e-01  6.690702e-17
4.199274e-01  7.226526e-17
4.427764e-01  7.935614e-17
4.668687e-01  8.825073e-17
4.922720e-01  9.918392e-17
5.190574e-01  1.094910e-16
5.473003e-01  1.215602e-16
5.770800e-01  1.337607e-16
6.084800e-01  1.483725e-16
6.415885e-01  1.634624e-16
6.764986e-01  1.775024e-16
7.133082e-01  1.888801e-16
7.521206e-01  2.014553e-16
7.930449e-01  2.144193e-16
8.361960e-01  2.282270e-16
8.816950e-01  2.438532e-16
9.296697e-01  2.581442e-16
9.802548e-01  2.740398e-16
1.033592e+00  2.884009e-16
1.089832e+00  3.048104e-16
1.149132e+00  3.174782e-16
1.211658e+00  3.328220e-16
1.277587e+00  3.494317e-16
1.347103e+00  3.694995e-16
1.420401e+00  3.882330e-16
1.497688e+00  4.093591e-16
1.579180e+00  4.297678e-16
1.665106e+00  4.521403e-16
1.755708e+00  4.736205e-16
1.851239e+00  4.953025e-16
1.951969e+00  5.144923e-16
2.058179e+00  5.324642e-16
2.170169e+00  5.482955e-16
2.288252e+00  5.578629e-16
2.412760e+00  5.632398e-16
2.544043e+00  5.596573e-16
2.682469e+00  5.565212e-16
2.828427e+00  5.348476e-16
2.982327e+00  5.092120e-16
3.144601e+00  5.164115e-16
3.315705e+00  5.282157e-16
3.496119e+00  5.547492e-16
3.686349e+00  5.804064e-16
3.886931e+00  6.031481e-16
4.098426e+00  6.273542e-16
4.321429e+00  6.517727e-16
4.556566e+00  6.744718e-16
4.804498e+00  6.937663e-16
5.065920e+00  7.072543e-16
5.341566e+00  7.148869e-16
5.632211e+00  7.187876e-16
5.938670e+00  7.199640e-16
6.261804e+00  7.109639e-16
6.602521e+00  6.937833e-16
6.961777e+00  6.657599e-16
7.340580e+00  6.302595e-16
7.739995e+00  5.914691e-16
8.161143e+00  5.381781e-16
8.605206e+00  4.708854e-16
9.073432e+00  3.973139e-16
9.567135e+00  3.268191e-16
1.008770e+01  2.451543e-16
1.063659e+01  1.517130e-16
1.121535e+01  8.680062e-17
1.182560e+01  4.485204e-17
1.246905e+01  2.370892e-17
1.314752e+01  5.053559e-18
1.386290e+01  6.158121e-69
1.461720e+01  7.226031e-69
1.541255e+01  8.458220e-69
1.625118e+01  9.878929e-69
1.713544e+01  1.132633e-68
1.806781e+01  1.318390e-68
1.905091e+01  1.532179e-68
2.008751e+01  1.778091e-68
2.118051e+01  2.028740e-68
2.233298e+01  2.348958e-68
2.354816e+01  2.716720e-68
2.482946e+01  3.138861e-68
2.618048e+01  3.569141e-68
2.760501e+01  4.116747e-68
2.910705e+01  4.744322e-68
3.069082e+01  5.463100e-68
3.236077e+01  6.195341e-68
3.412158e+01  6.676348e-68
3.597820e+01  7.039621e-68
