1.000000e-03  3.576393e-19
1.054412e-03  5.553458e-19
1.111784e-03  8.745057e-19
1.172279e-03  1.311924e-18
1.236065e-03  2.107404e-18
1.303321e-03  3.390483e-18
1.374238e-03  5.388800e-18
1.449012e-03  8.540525e-18
1.527856e-03  1.323857e-17
1.610989e-03  2.018045e-17
1.698646e-03  2.459603e-17
1.791073e-03  2.893048e-17
1.888529e-03  3.261180e-17
1.991287e-03  3.779938e-17
2.099637e-03  4.322858e-17
2.213882e-03  4.935368e-17
2.334344e-03  5.718448e-17
2.461360e-03  6.435669e-17
2.595287e-03  7.500729e-17
2.736502e-03  8.374996e-17
2.885400e-03  9.607779e-17
3.042400e-03  1.086400e-16
3.207943e-03  1.226700e-16
3.382493e-03  1.403765e-16
3.566541e-03  1.559358e-16
3.760603e-03  1.767967e-16
3.965225e-03  1.971699e-16
4.180980e-03  2.198972e-16
4.408475e-03  2.475817e-16
4.648349e-03  2.715811e-16
4.901274e-03  3.059174e-16
5.167962e-03  3.325255e-16
5.449160e-03  3.700226e-16
5.745660e-03  4.028715e-16
6.058292e-03  4.400208e-16
6.387935e-03  4.803587e-16
6.735515e-03  5.165097e-16
7.102007e-03  5.654496e-16
7.488441e-03  5.970650e-16
7.895901e-03  6.431200e-16
8.325532e-03  6.772639e-16
8.778540e-03  7.146910e-16
9.256197e-03  7.517501e-16
9.759844e-03  7.777539e-16
1.029090e-02  8.125127e-16
1.085084e-02  8.260834e-16
1.144126e-02  8.454454e-16
1.206380e-02  8.526505e-16
1.272021e-02  8.543757e-16
1.341234e-02  8.514529e-16
1.414214e-02  8.384943e-16
1.491164e-02  8.190442e-16
1.572301e-02  7.960747e-16
1.657853e-02  7.613609e-16
1.748059e-02  7.285947e-16
1.843175e-02  6.869067e-16
1.943465e-02  6.413137e-16
2.049213e-02  5.997339e-16
2.160715e-02  5.458275e-16
2.278283e-02  5.106303e-16
2.402249e-02  4.586419e-16
2.532960e-02  4.162491e-16
2.670783e-02  3.746646e-16
2.816105e-02  3.284066e-16
2.969335e-02  2.991306e-16
3.130902e-02  2.551179e-16
3.301261e-02  2.320864e-16
3.480888e-02  2.017208e-16
3.670290e-02  1.778307e-16
3.869998e-02  1.590759e-16
4.080572e-02  1.378432e-16
4.302603e-02  1.280257e-16
4.536716e-02  1.139600e-16
4.783567e-02  1.095099e-16
5.043850e-02  1.049136e-16
5.318296e-02  1.032316e-16
5.607674e-02  1.049027e-16
5.912799e-02  1.078027e-16
6.234525e-02  1.128700e-16
6.573758e-02  1.204577e-16
6.931448e-02  1.269892e-16
7.308602e-02  1.362021e-16
7.706277e-02  1.447896e-16
8.125590e-02  1.533134e-16
8.567719e-02  1.632171e-16
9.033905e-02  1.688473e-16
9.525456e-02  1.777802e-16
1.004375e-01  1.871709e-16
1.059025e-01  1.931655e-16
1.116649e-01  1.996451e-16
1.177408e-01  2.022279e-16
1.241473e-01  2.055685e-16
1.309024e-01  2.054348e-16
1.380250e-01  2.046400e-16
1.455352e-01  2.015008e-16
1.534541e-01  1.960894e-16
1.618038e-01  1.881126e-16
1.706079e-01  1.795686e-16
1.798910e-01  1.685840e-16
1.896792e-01  1.579460e-16
2.000000e-01  1.444847e-16
2.108824e-01  1.328178e-16
2.223569e-01  1.188661e-16
2.344558e-01  1.054368e-16
2.472129e-01  9.350176e-17
2.606643e-01  8.118990e-17
2.748475e-01  7.076559e-17
2.898025e-01  6.258426e-17
3.055712e-01  5.570991e-17
3.221979e-01  5.201982e-17
3.397293e-01  4.925547e-17
3.582146e-01  4.896023e-17
3.777057e-01  4.932271e-17
3.982574e-01  5.197709e-17
4.199274e-01  5.603970e-17
4.427764e-01  6.185293e-17
4.668687e-01  6.814784e-17
4.922720e-01  7.757344e-17
5.190574e-01  8.571670e-17
5.473003e-01  9.590325e-17
5.770800e-01  1.055787e-16
6.084800e-01  1.174474e-16
6.415885e-01  1.294504e-16
6.764986e-01  1.406836e-16
7.133082e-01  1.508833e-16
7.521206e-01  1.622783e-16
7.930449e-01  1.730530e-16
8.361960e-01  1.845853e-16
8.816950e-01  1.972282e-16
9.296697e-01  2.096378e-16
9.802548e-01  2.240670e-16
1.033592e+00  2.369354e-16
1.089832e+00  2.509621e-16
1.149132e+00  2.618598e-16
1.211658e+00  2.741711e-16
1.277587e+00  2.889438e-16
1.347103e+00  3.074193e-16
1.420401e+00  3.240955e-16
1.497688e+00  3.434451e-16
1.579180e+00  3.615908e-16
1.665106e+00  3.804308e-16
1.755708e+00  3.996356e-16
1.851239e+00  4.207260e-16
1.951969e+00  4.402110e-16
2.058179e+00  4.577015e-16
2.170169e+00  4.743692e-16
2.288252e+00  4.834281e-16
2.412760e+00  4.900047e-16
2.544043e+00  4.898433e-16
2.682469e+00  4.846925e-16
2.828427e+00  4.671577e-16
2.982327e+00  4.459266e-16
3.144601e+00  4.527251e-16
3.315705e+00  4.645887e-16
3.496119e+00  4.906434e-16
3.686349e+00  5.174082e-16
3.886931e+00  5.404550e-16
4.098426e+00  5.630942e-16
4.321429e+00  5.855585e-16
4.556566e+00  6.048649e-16
4.804498e+00  6.248656e-16
5.065920e+00  6.391230e-16
5.341566e+00  6.482179e-16
5.632211e+00  6.535958e-16
5.938670e+00  6.562492e-16
6.261804e+00  6.478064e-16
6.602521e+00  6.348285e-16
6.961777e+00  6.118995e-16
7.340580e+00  5.813438e-16
7.739995e+00  5.442107e-16
8.161143e+00  5.009845e-16
8.605206e+00  4.445870e-16
9.073432e+00  3.768004e-16
9.567135e+00  3.063906e-16
1.008770e+01  2.273813e-16
1.063659e+01  1.409932e-16
1.121535e+01  8.078191e-17
1.182560e+01  4.413559e-17
1.246905e+01  2.199056e-17
1.314752e+01  4.696139e-18
1.386290e+01  5.691852e-69
1.461720e+01  6.676027e-69
1.541255e+01  7.810092e-69
1.625118e+01  9.115902e-69
1.713544e+01  1.061843e-68
1.806781e+01  1.234619e-68
1.905091e+01  1.433175e-68
2.008751e+01  1.635374e-68
2.118051e+01  1.893487e-68
2.233298e+01  2.189648e-68
2.354816e+01  2.529289e-68
2.482946e+01  2.918591e-68
2.618048e+01  3.364587e-68
2.760501e+01  3.875262e-68
2.910705e+01  4.459680e-68
3.069082e+01  5.128110e-68
3.236077e+01  5.808717e-68
3.412158e+01  6.257538e-68
3.597820e+01  6.598023e-68
