1.000000e-03  3.467500e-19
1.054412e-03  5.095791e-19
1.111784e-03  7.969277e-19
1.172279e-03  1.268400e-18
1.236065e-03  2.035585e-18
1.303321e-03  3.239956e-18
1.374238e-03  5.196970e-18
1.449012e-03  8.200071e-18
1.527856e-03  1.274672e-17
1.610989e-03  1.944540e-17
1.698646e-03  2.373010e-17
1.791073e-03  2.792707e-17
1.888529e-03  3.147074e-17
1.991287e-03  3.649017e-17
2.099637e-03  4.170656e-17
2.213882e-03  4.765171e-17
2.334344e-03  5.522789e-17
2.461360e-03  6.212896e-17
2.595287e-03  7.244448e-17
2.736502e-03  8.086352e-17
2.885400e-03  9.278321e-17
3.042400e-03  1.049426e-16
3.207943e-03  1.184755e-16
3.382493e-03  1.355992e-16
3.566541e-03  1.506321e-16
3.760603e-03  1.707759e-16
3.965225e-03  1.904703e-16
4.180980e-03  2.124058e-16
4.408475e-03  2.371914e-16
4.648349e-03  2.623529e-16
4.901274e-03  2.955483e-16
5.167962e-03  3.198243e-16
5.449160e-03  3.574694e-16
5.745660e-03  3.878626e-16
6.058292e-03  4.243269e-16
6.387935e-03  4.640914e-16
6.735515e-03  4.983623e-16
7.102007e-03  5.460474e-16
7.488441e-03  5.763680e-16
7.895901e-03  6.211818e-16
8.325532e-03  6.543139e-16
8.778540e-03  6.904508e-16
9.256197e-03  7.263758e-16
9.759844e-03  7.515359e-16
1.029090e-02  7.851706e-16
1.085084e-02  7.982606e-16
1.144126e-02  8.170767e-16
1.206380e-02  8.239872e-16
1.272021e-02  8.257402e-16
1.341234e-02  8.228930e-16
1.414214e-02  8.103507e-16
1.491164e-02  7.916021e-16
1.572301e-02  7.694061e-16
1.657853e-02  7.359035e-16
1.748059e-02  7.042223e-16
1.843175e-02  6.639513e-16
1.943465e-02  6.198830e-16
2.049213e-02  5.797291e-16
2.160715e-02  5.276039e-16
2.278283e-02  4.936182e-16
2.402249e-02  4.433856e-16
2.532960e-02  4.023874e-16
2.670783e-02  3.641493e-16
2.816105e-02  3.174688e-16
2.969335e-02  2.892014e-16
3.130902e-02  2.471801e-16
3.301261e-02  2.243818e-16
3.480888e-02  1.953382e-16
3.670290e-02  1.719986e-16
3.869998e-02  1.537996e-16
4.080572e-02  1.332549e-16
4.302603e-02  1.237469e-16
4.536716e-02  1.101149e-16
4.783567e-02  1.058172e-16
5.043850e-02  1.013707e-16
5.318296e-02  9.972352e-17
5.607674e-02  1.013648e-16
5.912799e-02  1.041548e-16
6.234525e-02  1.090534e-16
6.573758e-02  1.163829e-16
6.931448e-02  1.226846e-16
7.308602e-02  1.315898e-16
7.706277e-02  1.398869e-16
8.125590e-02  1.480253e-16
8.567719e-02  1.577059e-16
9.033905e-02  1.631394e-16
9.525456e-02  1.717717e-16
1.004375e-01  1.808593e-16
1.059025e-01  1.865637e-16
1.116649e-01  1.929330e-16
1.177408e-01  1.953960e-16
1.241473e-01  1.986113e-16
1.309024e-01  1.985268e-16
1.380250e-01  1.977766e-16
1.455352e-01  1.947885e-16
1.534541e-01  1.895449e-16
1.618038e-01  1.821121e-16
1.706079e-01  1.736935e-16
1.798910e-01  1.629531e-16
1.896792e-01  1.527493e-16
2.000000e-01  1.396883e-16
2.108824e-01  1.284998e-16
2.223569e-01  1.150787e-16
2.344558e-01  1.024085e-16
2.472129e-01  9.042471e-17
2.606643e-01  7.851001e-17
2.748475e-01  6.841227e-17
2.898025e-01  6.051621e-17
3.055712e-01  5.386416e-17
3.221979e-01  5.035565e-17
3.397293e-01  4.762593e-17
3.582146e-01  4.732599e-17
3.777057e-01  4.768573e-17
3.982574e-01  5.026426e-17
4.199274e-01  5.420082e-17
4.427764e-01  5.982487e-17
4.668687e-01  6.590495e-17
4.922720e-01  7.500978e-17
5.190574e-01  8.287747e-17
5.473003e-01  9.275095e-17
5.770800e-01  1.021210e-16
6.084800e-01  1.134435e-16
6.415885e-01  1.246051e-16
6.764986e-01  1.363972e-16
7.133082e-01  1.463933e-16
7.521206e-01  1.575639e-16
7.930449e-01  1.678861e-16
8.361960e-01  1.788502e-16
8.816950e-01  1.917139e-16
9.296697e-01  2.038700e-16
9.802548e-01  2.181015e-16
1.033592e+00  2.305847e-16
1.089832e+00  2.442009e-16
1.149132e+00  2.552834e-16
1.211658e+00  2.672516e-16
1.277587e+00  2.818439e-16
1.347103e+00  2.997999e-16
1.420401e+00  3.159340e-16
1.497688e+00  3.350415e-16
1.579180e+00  3.524167e-16
1.665106e+00  3.709527e-16
1.755708e+00  3.907223e-16
1.851239e+00  4.115044e-16
1.951969e+00  4.308857e-16
2.058179e+00  4.490186e-16
2.170169e+00  4.639953e-16
2.288252e+00  4.738484e-16
2.412760e+00  4.803829e-16
2.544043e+00  4.803003e-16
2.682469e+00  4.751456e-16
2.828427e+00  4.581989e-16
2.982327e+00  4.379854e-16
3.144601e+00  4.447507e-16
3.315705e+00  4.566703e-16
3.496119e+00  4.822183e-16
3.686349e+00  5.084830e-16
3.886931e+00  5.317932e-16
4.098426e+00  5.543130e-16
4.321429e+00  5.754781e-16
4.556566e+00  5.961579e-16
4.804498e+00  6.158960e-16
5.065920e+00  6.300246e-16
5.341566e+00  6.389180e-16
5.632211e+00  6.442336e-16
5.938670e+00  6.471815e-16
6.261804e+00  6.391396e-16
6.602521e+00  6.265800e-16
6.961777e+00  6.048523e-16
7.340580e+00  5.778210e-16
7.739995e+00  5.411090e-16
8.161143e+00  4.956481e-16
8.605206e+00  4.393385e-16
9.073432e+00  3.725024e-16
9.567135e+00  3.029675e-16
1.008770e+01  2.249130e-16
1.063659e+01  1.395134e-16
1.121535e+01  8.207542e-17
1.182560e+01  4.368623e-17
1.246905e+01  2.175818e-17
1.314752e+01  4.646199e-18
1.386290e+01  5.658003e-69
1.461720e+01  6.635101e-69
1.541255e+01  7.760763e-69
1.625118e+01  9.056610e-69
1.713544e+01  1.054734e-68
1.806781e+01  1.206479e-68
1.905091e+01  1.400600e-68
2.008751e+01  1.623528e-68
2.118051e+01  1.879399e-68
2.233298e+01  2.172924e-68
2.354816e+01  2.509469e-68
2.482946e+01  2.895141e-68
2.618048e+01  3.336884e-68
2.760501e+01  3.842586e-68
2.910705e+01  4.421197e-68
3.069082e+01  5.082856e-68
3.236077e+01  5.756519e-68
3.412158e+01  6.201005e-68
3.597820e+01  6.538413e-68
