1.000000e-03  2.992565e-19
1.054412e-03  4.606418e-19
1.111784e-03  7.164650e-19
1.172279e-03  1.128904e-18
1.236065e-03  1.796805e-18
1.303321e-03  2.883939e-18
1.374238e-03  4.612538e-18
1.449012e-03  7.297160e-18
1.527856e-03  1.137358e-17
1.610989e-03  1.741520e-17
1.698646e-03  2.128825e-17
1.791073e-03  2.507165e-17
1.888529e-03  2.823420e-17
1.991287e-03  3.274863e-17
2.099637e-03  3.744360e-17
2.213882e-03  4.275602e-17
2.334344e-03  4.958962e-17
2.461360e-03  5.578098e-17
2.595287e-03  6.505826e-17
2.736502e-03  7.259648e-17
2.885400e-03  8.330174e-17
3.042400e-03  9.422916e-17
3.207943e-03  1.063386e-16
3.382493e-03  1.217713e-16
3.566541e-03  1.352421e-16
3.760603e-03  1.514593e-16
3.965225e-03  1.681298e-16
4.180980e-03  1.887003e-16
4.408475e-03  2.117201e-16
4.648349e-03  2.334872e-16
4.901274e-03  2.641771e-16
5.167962e-03  2.864416e-16
5.449160e-03  3.198537e-16
5.745660e-03  3.476175e-16
6.058292e-03  3.806377e-16
6.387935e-03  4.162678e-16
6.735515e-03  4.472156e-16
7.102007e-03  4.903021e-16
7.488441e-03  5.174159e-16
7.895901e-03  5.578326e-16
8.325532e-03  5.875636e-16
8.778540e-03  6.200380e-16
9.256197e-03  6.524473e-16
9.759844e-03  6.749767e-16
1.029090e-02  7.053693e-16
1.085084e-02  7.170686e-16
1.144126e-02  7.340656e-16
1.206380e-02  7.403246e-16
1.272021e-02  7.419651e-16
1.341234e-02  7.394839e-16
1.414214e-02  7.282913e-16
1.491164e-02  7.114995e-16
1.572301e-02  6.916175e-16
1.657853e-02  6.615495e-16
1.748059e-02  6.331976e-16
1.843175e-02  5.970842e-16
1.943465e-02  5.620890e-16
2.049213e-02  5.284444e-16
2.160715e-02  4.785936e-16
2.278283e-02  4.461496e-16
2.402249e-02  4.021549e-16
2.532960e-02  3.634935e-16
2.670783e-02  3.283803e-16
2.816105e-02  2.866259e-16
2.969335e-02  2.606618e-16
3.130902e-02  2.224942e-16
3.301261e-02  2.021628e-16
3.480888e-02  1.758644e-16
3.670290e-02  1.547703e-16
3.869998e-02  1.384548e-16
4.080572e-02  1.198661e-16
4.302603e-02  1.113453e-16
4.536716e-02  9.900522e-17
4.783567e-02  9.516023e-17
5.043850e-02  9.113940e-17
5.318296e-02  8.961981e-17
5.607674e-02  9.107276e-17
5.912799e-02  9.355934e-17
6.234525e-02  9.794047e-17
6.573758e-02  1.045217e-16
6.931448e-02  1.101485e-16
7.308602e-02  1.180545e-16
7.706277e-02  1.254440e-16
8.125590e-02  1.327171e-16
8.567719e-02  1.413277e-16
9.033905e-02  1.465124e-16
9.525456e-02  1.542592e-16
1.004375e-01  1.622698e-16
1.059025e-01  1.673901e-16
1.116649e-01  1.730014e-16
1.177408e-01  1.754687e-16
1.241473e-01  1.783972e-16
1.309024e-01  1.785007e-16
1.380250e-01  1.778516e-16
1.455352e-01  1.752292e-16
1.534541e-01  1.706326e-16
1.618038e-01  1.638282e-16
1.706079e-01  1.569123e-16
1.798910e-01  1.466517e-16
1.896792e-01  1.375057e-16
2.000000e-01  1.258207e-16
2.108824e-01  1.158421e-16
2.223569e-01  1.038746e-16
2.344558e-01  9.222794e-17
2.472129e-01  8.145784e-17
2.606643e-01  7.076185e-17
2.748475e-01  6.168745e-17
2.898025e-01  5.459264e-17
3.055712e-01  4.862311e-17
3.221979e-01  4.544350e-17
3.397293e-01  4.297950e-17
3.582146e-01  4.274117e-17
3.777057e-01  4.305270e-17
3.982574e-01  4.526052e-17
4.199274e-01  4.872977e-17
4.427764e-01  5.368316e-17
4.668687e-01  5.945418e-17
4.922720e-01  6.760313e-17
5.190574e-01  7.469310e-17
5.473003e-01  8.341202e-17
5.770800e-01  9.164631e-17
6.084800e-01  1.020325e-16
6.415885e-01  1.129194e-16
6.764986e-01  1.237821e-16
7.133082e-01  1.331576e-16
7.521206e-01  1.432063e-16
7.930449e-01  1.529534e-16
8.361960e-01  1.637230e-16
8.816950e-01  1.754958e-16
9.296697e-01  1.870628e-16
9.802548e-01  2.001458e-16
1.033592e+00  2.117204e-16
1.089832e+00  2.248560e-16
1.149132e+00  2.348547e-16
1.211658e+00  2.468498e-16
1.277587e+00  2.607707e-16
1.347103e+00  2.774026e-16
1.420401e+00  2.930710e-16
1.497688e+00  3.104757e-16
1.579180e+00  3.271352e-16
1.665106e+00  3.455783e-16
1.755708e+00  3.645819e-16
1.851239e+00  3.841114e-16
1.951969e+00  4.029346e-16
2.058179e+00  4.205068e-16
2.170169e+00  4.357059e-16
2.288252e+00  4.440658e-16
2.412760e+00  4.519677e-16
2.544043e+00  4.518466e-16
2.682469e+00  4.476902e-16
2.828427e+00  4.324691e-16
2.982327e+00  4.137635e-16
3.144601e+00  4.214361e-16
3.315705e+00  4.330541e-16
3.496119e+00  4.568749e-16
3.686349e+00  4.833319e-16
3.886931e+00  5.062692e-16
4.098426e+00  5.283676e-16
4.321429e+00  5.501260e-16
4.556566e+00  5.701582e-16
4.804498e+00  5.892582e-16
5.065920e+00  6.031327e-16
5.341566e+00  6.117832e-16
5.632211e+00  6.176099e-16
5.938670e+00  6.211897e-16
6.261804e+00  6.148406e-16
6.602521e+00  6.038786e-16
6.961777e+00  5.836170e-16
7.340580e+00  5.561545e-16
7.739995e+00  5.214118e-16
8.161143e+00  4.794835e-16
8.605206e+00  4.245653e-16
9.073432e+00  3.607693e-16
9.567135e+00  2.941331e-16
1.008770e+01  2.191937e-16
1.063659e+01  1.369746e-16
1.121535e+01  7.959391e-17
1.182560e+01  4.237708e-17
1.246905e+01  2.108520e-17
1.314752e+01  4.496294e-18
1.386290e+01  5.459850e-69
1.461720e+01  6.402221e-69
1.541255e+01  7.487307e-69
1.625118e+01  8.735777e-69
1.713544e+01  1.017123e-68
1.806781e+01  1.182058e-68
1.905091e+01  1.371457e-68
2.008751e+01  1.588821e-68
2.118051e+01  1.838143e-68
2.233298e+01  2.123971e-68
2.354816e+01  2.451480e-68
2.482946e+01  2.826560e-68
2.618048e+01  3.255903e-68
2.760501e+01  3.747108e-68
2.910705e+01  4.247226e-68
3.069082e+01  4.880623e-68
3.236077e+01  5.604166e-68
3.412158e+01  6.036013e-68
3.597820e+01  6.364443e-68
