1.000000e-03  2.843887e-19
1.054412e-03  4.354190e-19
1.111784e-03  6.738495e-19
1.172279e-03  1.057362e-18
1.236065e-03  1.675704e-18
1.303321e-03  2.679197e-18
1.374238e-03  4.270170e-18
1.449012e-03  6.764052e-18
1.527856e-03  1.055391e-17
1.610989e-03  1.619024e-17
1.698646e-03  1.979648e-17
1.791073e-03  2.331500e-17
1.888529e-03  2.625190e-17
1.991287e-03  3.045358e-17
2.099637e-03  3.482025e-17
2.213882e-03  3.974295e-17
2.334344e-03  4.608476e-17
2.461360e-03  5.179647e-17
2.595287e-03  6.037815e-17
2.736502e-03  6.730114e-17
2.885400e-03  7.710160e-17
3.042400e-03  8.703278e-17
3.207943e-03  9.791073e-17
3.382493e-03  1.117000e-16
3.566541e-03  1.233500e-16
3.760603e-03  1.409112e-16
3.965225e-03  1.564395e-16
4.180980e-03  1.755611e-16
4.408475e-03  1.970054e-16
4.648349e-03  2.172193e-16
4.901274e-03  2.458167e-16
5.167962e-03  2.665002e-16
5.449160e-03  2.975825e-16
5.745660e-03  3.234464e-16
6.058292e-03  3.541421e-16
6.387935e-03  3.873463e-16
6.735515e-03  4.160876e-16
7.102007e-03  4.562627e-16
7.488441e-03  4.814536e-16
7.895901e-03  5.190795e-16
8.325532e-03  5.467928e-16
8.778540e-03  5.769997e-16
9.256197e-03  6.072445e-16
9.759844e-03  6.281911e-16
1.029090e-02  6.565991e-16
1.085084e-02  6.675013e-16
1.144126e-02  6.834228e-16
1.206380e-02  6.893480e-16
1.272021e-02  6.910063e-16
1.341234e-02  6.889186e-16
1.414214e-02  6.788114e-16
1.491164e-02  6.636665e-16
1.572301e-02  6.458549e-16
1.657853e-02  6.189699e-16
1.748059e-02  5.940850e-16
1.843175e-02  5.627697e-16
1.943465e-02  5.235609e-16
2.049213e-02  4.923329e-16
2.160715e-02  4.458591e-16
2.278283e-02  4.156534e-16
2.402249e-02  3.747352e-16
2.532960e-02  3.386761e-16
2.670783e-02  3.060319e-16
2.816105e-02  2.670751e-16
2.969335e-02  2.429610e-16
3.130902e-02  2.073439e-16
3.301261e-02  1.884079e-16
3.480888e-02  1.639270e-16
3.670290e-02  1.442355e-16
3.869998e-02  1.290569e-16
4.080572e-02  1.116896e-16
4.302603e-02  1.037666e-16
4.536716e-02  9.222818e-17
4.783567e-02  8.864016e-17
5.043850e-02  8.487604e-17
5.318296e-02  8.343794e-17
5.607674e-02  8.477313e-17
5.912799e-02  8.706332e-17
6.234525e-02  9.111320e-17
6.573758e-02  9.721849e-17
6.931448e-02  1.024236e-16
7.308602e-02  1.098016e-16
7.706277e-02  1.167219e-16
8.125590e-02  1.234829e-16
8.567719e-02  1.314849e-16
9.033905e-02  1.362774e-16
9.525456e-02  1.434369e-16
1.004375e-01  1.510237e-16
1.059025e-01  1.557705e-16
1.116649e-01  1.610531e-16
1.177408e-01  1.633594e-16
1.241473e-01  1.661209e-16
1.309024e-01  1.662528e-16
1.380250e-01  1.657147e-16
1.455352e-01  1.633588e-16
1.534541e-01  1.592051e-16
1.618038e-01  1.530315e-16
1.706079e-01  1.462165e-16
1.798910e-01  1.366881e-16
1.896792e-01  1.282375e-16
2.000000e-01  1.172509e-16
2.108824e-01  1.079824e-16
2.223569e-01  9.684301e-17
2.344558e-01  8.601454e-17
2.472129e-01  7.599060e-17
2.606643e-01  6.602742e-17
2.748475e-01  5.756384e-17
2.898025e-01  5.095353e-17
3.055712e-01  4.537205e-17
3.221979e-01  4.240709e-17
3.397293e-01  4.008311e-17
3.582146e-01  3.983219e-17
3.777057e-01  4.006491e-17
3.982574e-01  4.218906e-17
4.199274e-01  4.538136e-17
4.427764e-01  4.992006e-17
4.668687e-01  5.516672e-17
4.922720e-01  6.255934e-17
5.190574e-01  6.886952e-17
5.473003e-01  7.764230e-17
5.770800e-01  8.518293e-17
6.084800e-01  9.532172e-17
6.415885e-01  1.056340e-16
6.764986e-01  1.159916e-16
7.133082e-01  1.248694e-16
7.521206e-01  1.342016e-16
7.930449e-01  1.440067e-16
8.361960e-01  1.542616e-16
8.816950e-01  1.654024e-16
9.296697e-01  1.764859e-16
9.802548e-01  1.890176e-16
1.033592e+00  2.002883e-16
1.089832e+00  2.130068e-16
1.149132e+00  2.223584e-16
1.211658e+00  2.340174e-16
1.277587e+00  2.472546e-16
1.347103e+00  2.630145e-16
1.420401e+00  2.779444e-16
1.497688e+00  2.951755e-16
1.579180e+00  3.113428e-16
1.665106e+00  3.292370e-16
1.755708e+00  3.473605e-16
1.851239e+00  3.659943e-16
1.951969e+00  3.846477e-16
2.058179e+00  4.018028e-16
2.170169e+00  4.167096e-16
2.288252e+00  4.265508e-16
2.412760e+00  4.344779e-16
2.544043e+00  4.349357e-16
2.682469e+00  4.314453e-16
2.828427e+00  4.171433e-16
2.982327e+00  3.997920e-16
3.144601e+00  4.060546e-16
3.315705e+00  4.173178e-16
3.496119e+00  4.413591e-16
3.686349e+00  4.674525e-16
3.886931e+00  4.903274e-16
4.098426e+00  5.121812e-16
4.321429e+00  5.334354e-16
4.556566e+00  5.530110e-16
4.804498e+00  5.717033e-16
5.065920e+00  5.853557e-16
5.341566e+00  5.944034e-16
5.632211e+00  6.004094e-16
5.938670e+00  6.043570e-16
6.261804e+00  5.986557e-16
6.602521e+00  5.885699e-16
6.961777e+00  5.695262e-16
7.340580e+00  5.436316e-16
7.739995e+00  5.106480e-16
8.161143e+00  4.688262e-16
8.605206e+00  4.159887e-16
9.073432e+00  3.544221e-16
9.567135e+00  2.898831e-16
1.008770e+01  2.171651e-16
1.063659e+01  1.373009e-16
1.121535e+01  8.163115e-17
1.182560e+01  4.569815e-17
1.246905e+01  2.066201e-17
1.314752e+01  4.399088e-18
1.386290e+01  5.300720e-69
1.461720e+01  6.216376e-69
1.541255e+01  7.270388e-69
1.625118e+01  8.482731e-69
1.713544e+01  9.876200e-69
1.806781e+01  1.147680e-68
1.905091e+01  1.331419e-68
2.008751e+01  1.542218e-68
2.118051e+01  1.783927e-68
2.233298e+01  2.060933e-68
2.354816e+01  2.378227e-68
2.482946e+01  2.741487e-68
2.618048e+01  3.157163e-68
2.760501e+01  3.632579e-68
2.910705e+01  4.176045e-68
3.069082e+01  4.796969e-68
3.236077e+01  5.506000e-68
3.412158e+01  5.929715e-68
3.597820e+01  6.252362e-68
