1.000000e-03  1.943992e-19
1.054412e-03  2.899635e-19
1.111784e-03  4.408992e-19
1.172279e-03  6.719132e-19
1.236065e-03  1.107142e-18
1.303321e-03  1.734267e-18
1.374238e-03  2.734094e-18
1.449012e-03  4.314168e-18
1.527856e-03  6.745124e-18
1.610989e-03  1.108281e-17
1.698646e-03  1.356615e-17
1.791073e-03  1.591080e-17
1.888529e-03  1.801586e-17
1.991287e-03  2.081804e-17
2.099637e-03  2.365375e-17
2.213882e-03  2.721593e-17
2.334344e-03  3.142991e-17
2.461360e-03  3.506008e-17
2.595287e-03  4.132586e-17
2.736502e-03  4.578386e-17
2.885400e-03  5.283606e-17
3.042400e-03  5.962558e-17
3.207943e-03  6.678524e-17
3.382493e-03  7.726107e-17
3.566541e-03  8.521637e-17
3.760603e-03  9.720828e-17
3.965225e-03  1.081157e-16
4.180980e-03  1.211765e-16
4.408475e-03  1.357416e-16
4.648349e-03  1.500408e-16
4.901274e-03  1.696321e-16
5.167962e-03  1.833838e-16
5.449160e-03  2.054898e-16
5.745660e-03  2.228967e-16
6.058292e-03  2.445456e-16
6.387935e-03  2.673530e-16
6.735515e-03  2.866128e-16
7.102007e-03  3.153445e-16
7.488441e-03  3.321944e-16
7.895901e-03  3.576259e-16
8.325532e-03  3.778156e-16
8.778540e-03  3.982597e-16
9.256197e-03  4.201130e-16
9.759844e-03  4.343646e-16
1.029090e-02  4.538759e-16
1.085084e-02  4.622743e-16
1.144126e-02  4.732830e-16
1.206380e-02  4.774521e-16
1.272021e-02  4.792401e-16
1.341234e-02  4.782097e-16
1.414214e-02  4.717449e-16
1.491164e-02  4.610310e-16
1.572301e-02  4.494163e-16
1.657853e-02  4.297670e-16
1.748059e-02  4.123312e-16
1.843175e-02  3.908876e-16
1.943465e-02  3.634095e-16
2.049213e-02  3.420892e-16
2.160715e-02  3.100822e-16
2.278283e-02  2.889140e-16
2.402249e-02  2.606938e-16
2.532960e-02  2.360443e-16
2.670783e-02  2.128775e-16
2.816105e-02  1.859666e-16
2.969335e-02  1.697751e-16
3.130902e-02  1.443410e-16
3.301261e-02  1.315065e-16
3.480888e-02  1.141440e-16
3.670290e-02  1.005311e-16
3.869998e-02  9.016075e-17
4.080572e-02  7.765734e-17
4.302603e-02  7.227574e-17
4.536716e-02  6.426143e-17
4.783567e-02  6.150342e-17
5.043850e-02  5.884173e-17
5.318296e-02  5.772415e-17
5.607674e-02  5.855721e-17
5.912799e-02  5.995907e-17
6.234525e-02  6.280199e-17
6.573758e-02  6.693093e-17
6.931448e-02  7.026322e-17
7.308602e-02  7.567544e-17
7.706277e-02  8.024554e-17
8.125590e-02  8.472860e-17
8.567719e-02  9.088880e-17
9.033905e-02  9.403562e-17
9.525456e-02  9.882257e-17
1.004375e-01  1.045851e-16
1.059025e-01  1.078605e-16
1.116649e-01  1.115651e-16
1.177408e-01  1.132110e-16
1.241473e-01  1.151895e-16
1.309024e-01  1.153428e-16
1.380250e-01  1.150584e-16
1.455352e-01  1.134899e-16
1.534541e-01  1.105781e-16
1.618038e-01  1.064315e-16
1.706079e-01  1.018720e-16
1.798910e-01  9.516595e-17
1.896792e-01  8.944028e-17
2.000000e-01  8.218522e-17
2.108824e-01  7.556472e-17
2.223569e-01  6.814591e-17
2.344558e-01  6.059054e-17
2.472129e-01  5.335866e-17
2.606643e-01  4.663316e-17
2.748475e-01  4.050877e-17
2.898025e-01  3.604891e-17
3.055712e-01  3.227771e-17
3.221979e-01  3.003069e-17
3.397293e-01  2.848484e-17
3.582146e-01  2.829302e-17
3.777057e-01  2.848574e-17
3.982574e-01  3.009199e-17
4.199274e-01  3.236098e-17
4.427764e-01  3.577013e-17
4.668687e-01  3.944658e-17
4.922720e-01  4.476732e-17
5.190574e-01  4.932961e-17
5.473003e-01  5.549453e-17
5.770800e-01  6.096075e-17
6.084800e-01  6.800941e-17
6.415885e-01  7.545734e-17
6.764986e-01  8.293378e-17
7.133082e-01  8.925197e-17
7.521206e-01  9.675534e-17
7.930449e-01  1.037674e-16
8.361960e-01  1.116878e-16
8.816950e-01  1.205580e-16
9.296697e-01  1.297181e-16
9.802548e-01  1.397191e-16
1.033592e+00  1.494878e-16
1.089832e+00  1.598303e-16
1.149132e+00  1.679955e-16
1.211658e+00  1.774247e-16
1.277587e+00  1.877556e-16
1.347103e+00  2.017441e-16
1.420401e+00  2.133966e-16
1.497688e+00  2.281155e-16
1.579180e+00  2.423771e-16
1.665106e+00  2.567272e-16
1.755708e+00  2.729265e-16
1.851239e+00  2.892834e-16
1.951969e+00  3.061097e-16
2.058179e+00  3.216177e-16
2.170169e+00  3.369872e-16
2.288252e+00  3.477180e-16
2.412760e+00  3.562007e-16
2.544043e+00  3.579330e-16
2.682469e+00  3.560273e-16
2.828427e+00  3.428646e-16
2.982327e+00  3.293305e-16
3.144601e+00  3.372596e-16
3.315705e+00  3.468685e-16
3.496119e+00  3.676428e-16
3.686349e+00  3.919076e-16
3.886931e+00  4.138003e-16
4.098426e+00  4.361093e-16
4.321429e+00  4.550309e-16
4.556566e+00  4.739567e-16
4.804498e+00  4.911180e-16
5.065920e+00  5.037345e-16
5.341566e+00  5.128558e-16
5.632211e+00  5.193034e-16
5.938670e+00  5.251525e-16
6.261804e+00  5.221260e-16
6.602521e+00  5.154931e-16
6.961777e+00  5.009566e-16
7.340580e+00  4.807215e-16
7.739995e+00  4.523089e-16
8.161143e+00  4.182060e-16
8.605206e+00  3.734926e-16
9.073432e+00  3.219573e-16
9.567135e+00  2.652270e-16
1.008770e+01  1.953469e-16
1.063659e+01  1.248922e-16
1.121535e+01  7.370194e-17
1.182560e+01  4.139862e-17
1.246905e+01  1.877648e-17
1.314752e+01  3.985549e-18
1.386290e+01  4.748356e-69
1.461720e+01  5.567444e-69
1.541255e+01  6.619961e-69
1.625118e+01  7.716197e-69
1.713544e+01  8.973886e-69
1.806781e+01  1.041583e-68
1.905091e+01  1.206799e-68
2.008751e+01  1.417507e-68
2.118051e+01  1.636995e-68
2.233298e+01  1.888038e-68
2.354816e+01  2.175028e-68
2.482946e+01  2.502952e-68
2.618048e+01  2.918967e-68
2.760501e+01  3.352170e-68
2.910705e+01  3.846416e-68
3.069082e+01  4.410033e-68
3.236077e+01  5.052435e-68
3.412158e+01  5.438710e-68
3.597820e+01  5.734640e-68
