1.000000e-03  1.300835e-19
1.054412e-03  1.916741e-19
1.111784e-03  2.959198e-19
1.172279e-03  4.398762e-19
1.236065e-03  6.701337e-19
1.303321e-03  1.075453e-18
1.374238e-03  1.677966e-18
1.449012e-03  2.749267e-18
1.527856e-03  4.308775e-18
1.610989e-03  7.023225e-18
1.698646e-03  8.526127e-18
1.791073e-03  1.020773e-17
1.888529e-03  1.136827e-17
1.991287e-03  1.332663e-17
2.099637e-03  1.514329e-17
2.213882e-03  1.707344e-17
2.334344e-03  2.013796e-17
2.461360e-03  2.237591e-17
2.595287e-03  2.645402e-17
2.736502e-03  2.927372e-17
2.885400e-03  3.317590e-17
3.042400e-03  3.814665e-17
3.207943e-03  4.257105e-17
3.382493e-03  4.927655e-17
3.566541e-03  5.439233e-17
3.760603e-03  6.184259e-17
3.965225e-03  6.911074e-17
4.180980e-03  7.717306e-17
4.408475e-03  8.678622e-17
4.648349e-03  9.570082e-17
4.901274e-03  1.078788e-16
5.167962e-03  1.176016e-16
5.449160e-03  1.308814e-16
5.745660e-03  1.424522e-16
6.058292e-03  1.560100e-16
6.387935e-03  1.699877e-16
6.735515e-03  1.836746e-16
7.102007e-03  2.009671e-16
7.488441e-03  2.108150e-16
7.895901e-03  2.291208e-16
8.325532e-03  2.405110e-16
8.778540e-03  2.550972e-16
9.256197e-03  2.681135e-16
9.759844e-03  2.764667e-16
1.029090e-02  2.907948e-16
1.085084e-02  2.951426e-16
1.144126e-02  3.032898e-16
1.206380e-02  3.059234e-16
1.272021e-02  3.067884e-16
1.341234e-02  3.064846e-16
1.414214e-02  3.025696e-16
1.491164e-02  2.956032e-16
1.572301e-02  2.883291e-16
1.657853e-02  2.774048e-16
1.748059e-02  2.645174e-16
1.843175e-02  2.513324e-16
1.943465e-02  2.336068e-16
2.049213e-02  2.199237e-16
2.160715e-02  1.998827e-16
2.278283e-02  1.856082e-16
2.402249e-02  1.680612e-16
2.532960e-02  1.516152e-16
2.670783e-02  1.371977e-16
2.816105e-02  1.203581e-16
2.969335e-02  1.088326e-16
3.130902e-02  9.327011e-17
3.301261e-02  8.458646e-17
3.480888e-02  7.367197e-17
3.670290e-02  6.525379e-17
3.869998e-02  5.785651e-17
4.080572e-02  5.021214e-17
4.302603e-02  4.645397e-17
4.536716e-02  4.120522e-17
4.783567e-02  3.968130e-17
5.043850e-02  3.771949e-17
5.318296e-02  3.698593e-17
5.607674e-02  3.745641e-17
5.912799e-02  3.841091e-17
6.234525e-02  3.998007e-17
6.573758e-02  4.287642e-17
6.931448e-02  4.494050e-17
7.308602e-02  4.791453e-17
7.706277e-02  5.137640e-17
8.125590e-02  5.417894e-17
8.567719e-02  5.811757e-17
9.033905e-02  6.019032e-17
9.525456e-02  6.330376e-17
1.004375e-01  6.679805e-17
1.059025e-01  6.904603e-17
1.116649e-01  7.149733e-17
1.177408e-01  7.249058e-17
1.241473e-01  7.385069e-17
1.309024e-01  7.394874e-17
1.380250e-01  7.383401e-17
1.455352e-01  7.286178e-17
1.534541e-01  7.116092e-17
1.618038e-01  6.840439e-17
1.706079e-01  6.540331e-17
1.798910e-01  6.140623e-17
1.896792e-01  5.763999e-17
2.000000e-01  5.288576e-17
2.108824e-01  4.918245e-17
2.223569e-01  4.389698e-17
2.344558e-01  3.942013e-17
2.472129e-01  3.487723e-17
2.606643e-01  3.028895e-17
2.748475e-01  2.677683e-17
2.898025e-01  2.362665e-17
3.055712e-01  2.128549e-17
3.221979e-01  1.995898e-17
3.397293e-01  1.897512e-17
3.582146e-01  1.904556e-17
3.777057e-01  1.918649e-17
3.982574e-01  2.036512e-17
4.199274e-01  2.191528e-17
4.427764e-01  2.436786e-17
4.668687e-01  2.687202e-17
4.922720e-01  3.052712e-17
5.190574e-01  3.350544e-17
5.473003e-01  3.772647e-17
5.770800e-01  4.137983e-17
6.084800e-01  4.651565e-17
6.415885e-01  5.132133e-17
6.764986e-01  5.614867e-17
7.133082e-01  6.071012e-17
7.521206e-01  6.537314e-17
7.930449e-01  7.041139e-17
8.361960e-01  7.573849e-17
8.816950e-01  8.158399e-17
9.296697e-01  8.830259e-17
9.802548e-01  9.546829e-17
1.033592e+00  1.016754e-16
1.089832e+00  1.103553e-16
1.149132e+00  1.160386e-16
1.211658e+00  1.236166e-16
1.277587e+00  1.322071e-16
1.347103e+00  1.425396e-16
1.420401e+00  1.528821e-16
1.497688e+00  1.642434e-16
1.579180e+00  1.750109e-16
1.665106e+00  1.880357e-16
1.755708e+00  2.006758e-16
1.851239e+00  2.141091e-16
1.951969e+00  2.296652e-16
2.058179e+00  2.427584e-16
2.170169e+00  2.580662e-16
2.288252e+00  2.687896e-16
2.412760e+00  2.776903e-16
2.544043e+00  2.803213e-16
2.682469e+00  2.803763e-16
2.828427e+00  2.725252e-16
2.982327e+00  2.604568e-16
3.144601e+00  2.668798e-16
3.315705e+00  2.747593e-16
3.496119e+00  2.941221e-16
3.686349e+00  3.138412e-16
3.886931e+00  3.341548e-16
4.098426e+00  3.561020e-16
4.321429e+00  3.744354e-16
4.556566e+00  3.921675e-16
4.804498e+00  4.072569e-16
5.065920e+00  4.181060e-16
5.341566e+00  4.281259e-16
5.632211e+00  4.342128e-16
5.938670e+00  4.407803e-16
6.261804e+00  4.404309e-16
6.602521e+00  4.360174e-16
6.961777e+00  4.266096e-16
7.340580e+00  4.101130e-16
7.739995e+00  3.902369e-16
8.161143e+00  3.634870e-16
8.605206e+00  3.252423e-16
9.073432e+00  2.841991e-16
9.567135e+00  2.317837e-16
1.008770e+01  1.791321e-16
1.063659e+01  1.106641e-16
1.121535e+01  6.664258e-17
1.182560e+01  3.852570e-17
1.246905e+01  1.674664e-17
1.314752e+01  3.556576e-18
1.386290e+01  4.221756e-69
1.461720e+01  4.948586e-69
1.541255e+01  5.782262e-69
1.625118e+01  6.849164e-69
1.713544e+01  7.958339e-69
1.806781e+01  9.372898e-69
1.905091e+01  1.084371e-68
2.008751e+01  1.271402e-68
2.118051e+01  1.465885e-68
2.233298e+01  1.687845e-68
2.354816e+01  1.969099e-68
2.482946e+01  2.261554e-68
2.618048e+01  2.631370e-68
2.760501e+01  3.015868e-68
2.910705e+01  3.453597e-68
3.069082e+01  4.005612e-68
3.236077e+01  4.579339e-68
3.412158e+01  4.926815e-68
3.597820e+01  5.194892e-68
