1.000000e-03  1.325186e-19
1.054412e-03  1.968282e-19
1.111784e-03  3.034516e-19
1.172279e-03  4.599968e-19
1.236065e-03  7.267052e-19
1.303321e-03  1.107067e-18
1.374238e-03  1.733257e-18
1.449012e-03  2.841156e-18
1.527856e-03  4.475646e-18
1.610989e-03  7.281524e-18
1.698646e-03  8.838582e-18
1.791073e-03  1.058741e-17
1.888529e-03  1.178609e-17
1.991287e-03  1.385317e-17
2.099637e-03  1.570111e-17
2.213882e-03  1.770099e-17
2.334344e-03  2.088771e-17
2.461360e-03  2.320035e-17
2.595287e-03  2.749111e-17
2.736502e-03  3.035742e-17
2.885400e-03  3.441311e-17
3.042400e-03  3.958019e-17
3.207943e-03  4.414586e-17
3.382493e-03  5.135417e-17
3.566541e-03  5.641191e-17
3.760603e-03  6.415292e-17
3.965225e-03  7.171194e-17
4.180980e-03  8.007001e-17
4.408475e-03  9.040180e-17
4.648349e-03  9.927075e-17
4.901274e-03  1.119124e-16
5.167962e-03  1.220311e-16
5.449160e-03  1.358093e-16
5.745660e-03  1.482150e-16
6.058292e-03  1.619102e-16
6.387935e-03  1.763900e-16
6.735515e-03  1.906061e-16
7.102007e-03  2.085568e-16
7.488441e-03  2.202901e-16
7.895901e-03  2.378172e-16
8.325532e-03  2.496348e-16
8.778540e-03  2.648256e-16
9.256197e-03  2.783164e-16
9.759844e-03  2.869896e-16
1.029090e-02  3.018855e-16
1.085084e-02  3.064149e-16
1.144126e-02  3.148128e-16
1.206380e-02  3.176428e-16
1.272021e-02  3.185607e-16
1.341234e-02  3.182528e-16
1.414214e-02  3.142066e-16
1.491164e-02  3.068344e-16
1.572301e-02  2.994460e-16
1.657853e-02  2.880866e-16
1.748059e-02  2.747289e-16
1.843175e-02  2.610139e-16
1.943465e-02  2.420859e-16
2.049213e-02  2.284540e-16
2.160715e-02  2.076221e-16
2.278283e-02  1.927998e-16
2.402249e-02  1.745497e-16
2.532960e-02  1.569934e-16
2.670783e-02  1.424878e-16
2.816105e-02  1.250316e-16
2.969335e-02  1.130694e-16
3.130902e-02  9.688632e-17
3.301261e-02  8.755132e-17
3.480888e-02  7.651157e-17
3.670290e-02  6.778347e-17
3.869998e-02  6.008205e-17
4.080572e-02  5.214849e-17
4.302603e-02  4.814724e-17
4.536716e-02  4.278203e-17
4.783567e-02  4.120071e-17
5.043850e-02  3.917600e-17
5.318296e-02  3.838927e-17
5.607674e-02  3.884680e-17
5.912799e-02  3.986275e-17
6.234525e-02  4.149258e-17
6.573758e-02  4.450467e-17
6.931448e-02  4.665472e-17
7.308602e-02  4.973294e-17
7.706277e-02  5.332094e-17
8.125590e-02  5.623055e-17
8.567719e-02  6.033158e-17
9.033905e-02  6.247367e-17
9.525456e-02  6.570529e-17
1.004375e-01  6.933790e-17
1.059025e-01  7.169590e-17
1.116649e-01  7.421743e-17
1.177408e-01  7.525953e-17
1.241473e-01  7.666199e-17
1.309024e-01  7.677419e-17
1.380250e-01  7.666465e-17
1.455352e-01  7.560010e-17
1.534541e-01  7.389385e-17
1.618038e-01  7.103505e-17
1.706079e-01  6.791599e-17
1.798910e-01  6.376857e-17
1.896792e-01  5.970148e-17
2.000000e-01  5.491478e-17
2.108824e-01  5.107377e-17
2.223569e-01  4.557242e-17
2.344558e-01  4.092909e-17
2.472129e-01  3.593959e-17
2.606643e-01  3.142273e-17
2.748475e-01  2.776793e-17
2.898025e-01  2.447727e-17
3.055712e-01  2.204228e-17
3.221979e-01  2.064852e-17
3.397293e-01  1.965527e-17
3.582146e-01  1.968295e-17
3.777057e-01  1.983777e-17
3.982574e-01  2.102732e-17
4.199274e-01  2.260235e-17
4.427764e-01  2.512111e-17
4.668687e-01  2.772336e-17
4.922720e-01  3.147145e-17
5.190574e-01  3.462727e-17
5.473003e-01  3.890538e-17
5.770800e-01  4.264987e-17
6.084800e-01  4.798992e-17
6.415885e-01  5.293099e-17
6.764986e-01  5.790666e-17
7.133082e-01  6.266501e-17
7.521206e-01  6.744149e-17
7.930449e-01  7.263560e-17
8.361960e-01  7.815399e-17
8.816950e-01  8.417200e-17
9.296697e-01  9.116036e-17
9.802548e-01  9.852401e-17
1.033592e+00  1.048887e-16
1.089832e+00  1.139146e-16
1.149132e+00  1.197141e-16
1.211658e+00  1.279274e-16
1.277587e+00  1.364295e-16
1.347103e+00  1.467727e-16
1.420401e+00  1.576776e-16
1.497688e+00  1.689365e-16
1.579180e+00  1.797229e-16
1.665106e+00  1.936175e-16
1.755708e+00  2.058984e-16
1.851239e+00  2.194844e-16
1.951969e+00  2.351533e-16
2.058179e+00  2.485270e-16
2.170169e+00  2.638142e-16
2.288252e+00  2.749274e-16
2.412760e+00  2.835635e-16
2.544043e+00  2.858970e-16
2.682469e+00  2.861689e-16
2.828427e+00  2.778967e-16
2.982327e+00  2.657082e-16
3.144601e+00  2.721232e-16
3.315705e+00  2.805093e-16
3.496119e+00  2.998419e-16
3.686349e+00  3.194340e-16
3.886931e+00  3.400314e-16
4.098426e+00  3.622593e-16
4.321429e+00  3.804743e-16
4.556566e+00  3.988343e-16
4.804498e+00  4.134899e-16
5.065920e+00  4.246136e-16
5.341566e+00  4.347716e-16
5.632211e+00  4.407524e-16
5.938670e+00  4.479616e-16
6.261804e+00  4.463471e-16
6.602521e+00  4.424859e-16
6.961777e+00  4.324346e-16
7.340580e+00  4.158008e-16
7.739995e+00  3.957406e-16
8.161143e+00  3.650485e-16
8.605206e+00  3.296018e-16
9.073432e+00  2.878795e-16
9.567135e+00  2.346840e-16
1.008770e+01  1.812814e-16
1.063659e+01  1.119225e-16
1.121535e+01  6.735144e-17
1.182560e+01  3.891731e-17
1.246905e+01  1.690833e-17
1.314752e+01  3.590432e-18
1.386290e+01  4.243636e-69
1.461720e+01  4.974999e-69
1.541255e+01  5.912919e-69
1.625118e+01  6.888066e-69
1.713544e+01  8.004825e-69
1.806781e+01  9.429434e-69
1.905091e+01  1.091091e-68
2.008751e+01  1.279530e-68
2.118051e+01  1.475504e-68
2.233298e+01  1.724156e-68
2.354816e+01  1.982751e-68
2.482946e+01  2.277624e-68
2.618048e+01  2.650603e-68
2.760501e+01  3.038438e-68
2.910705e+01  3.528078e-68
3.069082e+01  4.037107e-68
3.236077e+01  4.616144e-68
3.412158e+01  4.966628e-68
3.597820e+01  5.236872e-68
