1.000000e-03  1.058437e-19
1.054412e-03  1.529442e-19
1.111784e-03  2.344693e-19
1.172279e-03  3.453615e-19
1.236065e-03  5.438095e-19
1.303321e-03  8.211934e-19
1.374238e-03  1.310746e-18
1.449012e-03  2.019959e-18
1.527856e-03  3.295471e-18
1.610989e-03  5.404696e-18
1.698646e-03  6.598993e-18
1.791073e-03  7.802410e-18
1.888529e-03  8.775458e-18
1.991287e-03  1.021019e-17
2.099637e-03  1.164893e-17
2.213882e-03  1.320578e-17
2.334344e-03  1.549583e-17
2.461360e-03  1.726966e-17
2.595287e-03  2.023996e-17
2.736502e-03  2.249489e-17
2.885400e-03  2.564018e-17
3.042400e-03  2.933883e-17
3.207943e-03  3.283360e-17
3.382493e-03  3.777760e-17
3.566541e-03  4.176526e-17
3.760603e-03  4.775028e-17
3.965225e-03  5.310163e-17
4.180980e-03  5.947204e-17
4.408475e-03  6.653604e-17
4.648349e-03  7.344431e-17
4.901274e-03  8.323410e-17
5.167962e-03  9.031388e-17
5.449160e-03  1.007861e-16
5.745660e-03  1.091075e-16
6.058292e-03  1.196868e-16
6.387935e-03  1.310577e-16
6.735515e-03  1.410416e-16
7.102007e-03  1.546931e-16
7.488441e-03  1.625172e-16
7.895901e-03  1.763894e-16
8.325532e-03  1.852976e-16
8.778540e-03  1.959991e-16
9.256197e-03  2.063615e-16
9.759844e-03  2.129142e-16
1.029090e-02  2.238674e-16
1.085084e-02  2.272243e-16
1.144126e-02  2.333253e-16
1.206380e-02  2.355403e-16
1.272021e-02  2.360692e-16
1.341234e-02  2.360269e-16
1.414214e-02  2.328677e-16
1.491164e-02  2.279816e-16
1.572301e-02  2.221876e-16
1.657853e-02  2.133540e-16
1.748059e-02  2.038448e-16
1.843175e-02  1.934315e-16
1.943465e-02  1.804289e-16
2.049213e-02  1.696923e-16
2.160715e-02  1.537101e-16
2.278283e-02  1.431934e-16
2.402249e-02  1.293815e-16
2.532960e-02  1.175203e-16
2.670783e-02  1.060360e-16
2.816105e-02  9.254408e-17
2.969335e-02  8.406482e-17
3.130902e-02  7.184398e-17
3.301261e-02  6.583854e-17
3.480888e-02  5.672795e-17
3.670290e-02  5.019526e-17
3.869998e-02  4.471795e-17
4.080572e-02  3.868340e-17
4.302603e-02  3.621910e-17
4.536716e-02  3.173320e-17
4.783567e-02  3.056827e-17
5.043850e-02  2.906230e-17
5.318296e-02  2.847283e-17
5.607674e-02  2.888483e-17
5.912799e-02  2.956475e-17
6.234525e-02  3.080439e-17
6.573758e-02  3.289255e-17
6.931448e-02  3.456049e-17
7.308602e-02  3.691802e-17
7.706277e-02  3.957439e-17
8.125590e-02  4.168702e-17
8.567719e-02  4.470641e-17
9.033905e-02  4.622394e-17
9.525456e-02  4.867466e-17
1.004375e-01  5.142439e-17
1.059025e-01  5.316523e-17
1.116649e-01  5.496809e-17
1.177408e-01  5.582955e-17
1.241473e-01  5.686303e-17
1.309024e-01  5.697378e-17
1.380250e-01  5.683982e-17
1.455352e-01  5.619256e-17
1.534541e-01  5.481800e-17
1.618038e-01  5.279874e-17
1.706079e-01  5.050948e-17
1.798910e-01  4.734739e-17
1.896792e-01  4.468888e-17
2.000000e-01  4.084010e-17
2.108824e-01  3.792042e-17
2.223569e-01  3.414907e-17
2.344558e-01  3.050912e-17
2.472129e-01  2.715215e-17
2.606643e-01  2.364876e-17
2.748475e-01  2.084715e-17
2.898025e-01  1.855418e-17
3.055712e-01  1.671419e-17
3.221979e-01  1.592962e-17
3.397293e-01  1.503518e-17
3.582146e-01  1.515039e-17
3.777057e-01  1.537677e-17
3.982574e-01  1.625925e-17
4.199274e-01  1.766159e-17
4.427764e-01  1.948013e-17
4.668687e-01  2.167544e-17
4.922720e-01  2.446999e-17
5.190574e-01  2.706734e-17
5.473003e-01  3.035950e-17
5.770800e-01  3.345251e-17
6.084800e-01  3.725668e-17
6.415885e-01  4.140027e-17
6.764986e-01  4.535558e-17
7.133082e-01  4.875610e-17
7.521206e-01  5.263861e-17
7.930449e-01  5.652353e-17
8.361960e-01  6.076861e-17
8.816950e-01  6.571011e-17
9.296697e-01  7.092280e-17
9.802548e-01  7.675794e-17
1.033592e+00  8.187255e-17
1.089832e+00  8.849999e-17
1.149132e+00  9.331142e-17
1.211658e+00  9.965625e-17
1.277587e+00  1.061047e-16
1.347103e+00  1.151272e-16
1.420401e+00  1.231994e-16
1.497688e+00  1.332963e-16
1.579180e+00  1.426630e-16
1.665106e+00  1.541823e-16
1.755708e+00  1.658020e-16
1.851239e+00  1.777520e-16
1.951969e+00  1.906288e-16
2.058179e+00  2.041671e-16
2.170169e+00  2.174126e-16
2.288252e+00  2.280361e-16
2.412760e+00  2.380613e-16
2.544043e+00  2.424148e-16
2.682469e+00  2.422028e-16
2.828427e+00  2.360356e-16
2.982327e+00  2.256574e-16
3.144601e+00  2.314753e-16
3.315705e+00  2.396772e-16
3.496119e+00  2.557480e-16
3.686349e+00  2.747064e-16
3.886931e+00  2.931667e-16
4.098426e+00  3.129143e-16
4.321429e+00  3.322009e-16
4.556566e+00  3.499205e-16
4.804498e+00  3.636980e-16
5.065920e+00  3.745817e-16
5.341566e+00  3.828625e-16
5.632211e+00  3.899718e-16
5.938670e+00  3.966682e-16
6.261804e+00  3.963645e-16
6.602521e+00  3.937415e-16
6.961777e+00  3.857106e-16
7.340580e+00  3.728274e-16
7.739995e+00  3.551153e-16
8.161143e+00  3.309814e-16
8.605206e+00  2.992899e-16
9.073432e+00  2.591248e-16
9.567135e+00  2.184350e-16
1.008770e+01  1.651451e-16
1.063659e+01  1.042082e-16
1.121535e+01  6.311752e-17
1.182560e+01  3.584770e-17
1.246905e+01  1.563905e-17
1.314752e+01  3.326707e-18
1.386290e+01  3.860530e-69
1.461720e+01  4.607923e-69
1.541255e+01  5.383907e-69
1.625118e+01  6.375805e-69
1.713544e+01  7.524658e-69
1.806781e+01  8.717889e-69
1.905091e+01  1.023506e-68
2.008751e+01  1.181107e-68
2.118051e+01  1.380940e-68
2.233298e+01  1.588539e-68
2.354816e+01  1.851140e-68
2.482946e+01  2.153851e-68
2.618048e+01  2.468321e-68
2.760501e+01  2.864868e-68
2.910705e+01  3.276774e-68
3.069082e+01  3.795246e-68
3.236077e+01  4.333683e-68
3.412158e+01  4.661128e-68
3.597820e+01  4.914749e-68
