1.000000e-03  9.056549e-20
1.054412e-03  1.302109e-19
1.111784e-03  1.973634e-19
1.172279e-03  3.031231e-19
1.236065e-03  4.462152e-19
1.303321e-03  6.995459e-19
1.374238e-03  1.122816e-18
1.449012e-03  1.705518e-18
1.527856e-03  2.773233e-18
1.610989e-03  4.530874e-18
1.698646e-03  5.523018e-18
1.791073e-03  6.538863e-18
1.888529e-03  7.327564e-18
1.991287e-03  8.544561e-18
2.099637e-03  9.756162e-18
2.213882e-03  1.104824e-17
2.334344e-03  1.287591e-17
2.461360e-03  1.440500e-17
2.595287e-03  1.693110e-17
2.736502e-03  1.882699e-17
2.885400e-03  2.143517e-17
3.042400e-03  2.434968e-17
3.207943e-03  2.738082e-17
3.382493e-03  3.157817e-17
3.566541e-03  3.493958e-17
3.760603e-03  3.993152e-17
3.965225e-03  4.405532e-17
4.180980e-03  4.955425e-17
4.408475e-03  5.551693e-17
4.648349e-03  6.150337e-17
4.901274e-03  6.954771e-17
5.167962e-03  7.486855e-17
5.449160e-03  8.392502e-17
5.745660e-03  9.122865e-17
6.058292e-03  1.001395e-16
6.387935e-03  1.094398e-16
6.735515e-03  1.179021e-16
7.102007e-03  1.293290e-16
7.488441e-03  1.358149e-16
7.895901e-03  1.469756e-16
8.325532e-03  1.546543e-16
8.778540e-03  1.637233e-16
9.256197e-03  1.723895e-16
9.759844e-03  1.778299e-16
1.029090e-02  1.866205e-16
1.085084e-02  1.896552e-16
1.144126e-02  1.947783e-16
1.206380e-02  1.966166e-16
1.272021e-02  1.970644e-16
1.341234e-02  1.970558e-16
1.414214e-02  1.944204e-16
1.491164e-02  1.902475e-16
1.572301e-02  1.853529e-16
1.657853e-02  1.779823e-16
1.748059e-02  1.706344e-16
1.843175e-02  1.616221e-16
1.943465e-02  1.506270e-16
2.049213e-02  1.413746e-16
2.160715e-02  1.282063e-16
2.278283e-02  1.203352e-16
2.402249e-02  1.082535e-16
2.532960e-02  9.791483e-17
2.670783e-02  8.829452e-17
2.816105e-02  7.720069e-17
2.969335e-02  7.004085e-17
3.130902e-02  5.983019e-17
3.301261e-02  5.485621e-17
3.480888e-02  4.749627e-17
3.670290e-02  4.188711e-17
3.869998e-02  3.727108e-17
4.080572e-02  3.223888e-17
4.302603e-02  3.019614e-17
4.536716e-02  2.656327e-17
4.783567e-02  2.551604e-17
5.043850e-02  2.426027e-17
5.318296e-02  2.377639e-17
5.607674e-02  2.412044e-17
5.912799e-02  2.464146e-17
6.234525e-02  2.570219e-17
6.573758e-02  2.746647e-17
6.931448e-02  2.889550e-17
7.308602e-02  3.084585e-17
7.706277e-02  3.290138e-17
8.125590e-02  3.480526e-17
8.567719e-02  3.729208e-17
9.033905e-02  3.863551e-17
9.525456e-02  4.066372e-17
1.004375e-01  4.294181e-17
1.059025e-01  4.418452e-17
1.116649e-01  4.591092e-17
1.177408e-01  4.661116e-17
1.241473e-01  4.745087e-17
1.309024e-01  4.755710e-17
1.380250e-01  4.746220e-17
1.455352e-01  4.690240e-17
1.534541e-01  4.580722e-17
1.618038e-01  4.409618e-17
1.706079e-01  4.215573e-17
1.798910e-01  3.952301e-17
1.896792e-01  3.732545e-17
2.000000e-01  3.419032e-17
2.108824e-01  3.170472e-17
2.223569e-01  2.853170e-17
2.344558e-01  2.557711e-17
2.472129e-01  2.272481e-17
2.606643e-01  1.984734e-17
2.748475e-01  1.755536e-17
2.898025e-01  1.564889e-17
3.055712e-01  1.414368e-17
3.221979e-01  1.352066e-17
3.397293e-01  1.286402e-17
3.582146e-01  1.294095e-17
3.777057e-01  1.317936e-17
3.982574e-01  1.402122e-17
4.199274e-01  1.515789e-17
4.427764e-01  1.682042e-17
4.668687e-01  1.867457e-17
4.922720e-01  2.118085e-17
5.190574e-01  2.332900e-17
5.473003e-01  2.626584e-17
5.770800e-01  2.894018e-17
6.084800e-01  3.226307e-17
6.415885e-01  3.571300e-17
6.764986e-01  3.920248e-17
7.133082e-01  4.216456e-17
7.521206e-01  4.539579e-17
7.930449e-01  4.877115e-17
8.361960e-01  5.250827e-17
8.816950e-01  5.665656e-17
9.296697e-01  6.093617e-17
9.802548e-01  6.624175e-17
1.033592e+00  7.065151e-17
1.089832e+00  7.638691e-17
1.149132e+00  8.038310e-17
1.211658e+00  8.599731e-17
1.277587e+00  9.166072e-17
1.347103e+00  9.925202e-17
1.420401e+00  1.057446e-16
1.497688e+00  1.149932e-16
1.579180e+00  1.231433e-16
1.665106e+00  1.330745e-16
1.755708e+00  1.432905e-16
1.851239e+00  1.550363e-16
1.951969e+00  1.674656e-16
2.058179e+00  1.792923e-16
2.170169e+00  1.920238e-16
2.288252e+00  2.032420e-16
2.412760e+00  2.132188e-16
2.544043e+00  2.170861e-16
2.682469e+00  2.182015e-16
2.828427e+00  2.126608e-16
2.982327e+00  2.038029e-16
3.144601e+00  2.089281e-16
3.315705e+00  2.167999e-16
3.496119e+00  2.322071e-16
3.686349e+00  2.494451e-16
3.886931e+00  2.656945e-16
4.098426e+00  2.855509e-16
4.321429e+00  3.044058e-16
4.556566e+00  3.210259e-16
4.804498e+00  3.353471e-16
5.065920e+00  3.460049e-16
5.341566e+00  3.541089e-16
5.632211e+00  3.606576e-16
5.938670e+00  3.675505e-16
6.261804e+00  3.679359e-16
6.602521e+00  3.658053e-16
6.961777e+00  3.590078e-16
7.340580e+00  3.479783e-16
7.739995e+00  3.309227e-16
8.161143e+00  3.102766e-16
8.605206e+00  2.806099e-16
9.073432e+00  2.435008e-16
9.567135e+00  2.050031e-16
1.008770e+01  1.566305e-16
1.063659e+01  9.914032e-17
1.121535e+01  5.962082e-17
1.182560e+01  3.399273e-17
1.246905e+01  1.668114e-17
1.314752e+01  3.167024e-18
1.386290e+01  3.699295e-69
1.461720e+01  4.338759e-69
1.541255e+01  5.157273e-69
1.625118e+01  6.105359e-69
1.713544e+01  7.089243e-69
1.806781e+01  8.341096e-69
1.905091e+01  9.787361e-69
2.008751e+01  1.128868e-68
2.118051e+01  1.319019e-68
2.233298e+01  1.538251e-68
2.354816e+01  1.765858e-68
2.482946e+01  2.053103e-68
2.618048e+01  2.383706e-68
2.760501e+01  2.726931e-68
2.910705e+01  3.158795e-68
3.069082e+01  3.655071e-68
3.236077e+01  4.170173e-68
3.412158e+01  4.484332e-68
3.597820e+01  4.728333e-68
