1.000000e-03  9.873180e-20
1.054412e-03  1.499573e-19
1.111784e-03  2.192066e-19
1.172279e-03  3.360843e-19
1.236065e-03  5.262645e-19
1.303321e-03  7.896177e-19
1.374238e-03  1.275165e-18
1.449012e-03  1.960932e-18
1.527856e-03  3.191029e-18
1.610989e-03  5.221110e-18
1.698646e-03  6.366018e-18
1.791073e-03  7.540920e-18
1.888529e-03  8.484683e-18
1.991287e-03  9.867979e-18
2.099637e-03  1.125127e-17
2.213882e-03  1.273617e-17
2.334344e-03  1.485535e-17
2.461360e-03  1.668856e-17
2.595287e-03  1.955707e-17
2.736502e-03  2.172820e-17
2.885400e-03  2.472221e-17
3.042400e-03  2.810779e-17
3.207943e-03  3.172137e-17
3.382493e-03  3.649574e-17
3.566541e-03  4.034263e-17
3.760603e-03  4.614287e-17
3.965225e-03  5.131231e-17
4.180980e-03  5.744926e-17
4.408475e-03  6.421739e-17
4.648349e-03  7.096822e-17
4.901274e-03  8.040829e-17
5.167962e-03  8.726575e-17
5.449160e-03  9.734487e-17
5.745660e-03  1.053137e-16
6.058292e-03  1.156217e-16
6.387935e-03  1.265900e-16
6.735515e-03  1.362392e-16
7.102007e-03  1.493822e-16
7.488441e-03  1.568847e-16
7.895901e-03  1.698070e-16
8.325532e-03  1.789482e-16
8.778540e-03  1.892739e-16
9.256197e-03  1.992572e-16
9.759844e-03  2.055540e-16
1.029090e-02  2.157486e-16
1.085084e-02  2.193918e-16
1.144126e-02  2.252594e-16
1.206380e-02  2.274052e-16
1.272021e-02  2.279594e-16
1.341234e-02  2.278335e-16
1.414214e-02  2.247780e-16
1.491164e-02  2.200554e-16
1.572301e-02  2.144234e-16
1.657853e-02  2.059003e-16
1.748059e-02  1.967213e-16
1.843175e-02  1.866716e-16
1.943465e-02  1.742038e-16
2.049213e-02  1.637253e-16
2.160715e-02  1.483237e-16
2.278283e-02  1.381516e-16
2.402249e-02  1.248426e-16
2.532960e-02  1.134545e-16
2.670783e-02  1.022968e-16
2.816105e-02  8.929449e-17
2.969335e-02  8.109465e-17
3.130902e-02  6.932177e-17
3.301261e-02  6.355176e-17
3.480888e-02  5.502706e-17
3.670290e-02  4.843004e-17
3.869998e-02  4.314528e-17
4.080572e-02  3.732989e-17
4.302603e-02  3.495433e-17
4.536716e-02  3.074081e-17
4.783567e-02  2.950610e-17
5.043850e-02  2.805925e-17
5.318296e-02  2.748576e-17
5.607674e-02  2.786934e-17
5.912799e-02  2.855174e-17
6.234525e-02  2.975514e-17
6.573758e-02  3.175994e-17
6.931448e-02  3.338178e-17
7.308602e-02  3.565043e-17
7.706277e-02  3.818825e-17
8.125590e-02  4.025924e-17
8.567719e-02  4.316504e-17
9.033905e-02  4.463882e-17
9.525456e-02  4.700515e-17
1.004375e-01  4.965758e-17
1.059025e-01  5.133370e-17
1.116649e-01  5.307358e-17
1.177408e-01  5.389492e-17
1.241473e-01  5.486296e-17
1.309024e-01  5.500161e-17
1.380250e-01  5.489805e-17
1.455352e-01  5.426352e-17
1.534541e-01  5.292711e-17
1.618038e-01  5.096213e-17
1.706079e-01  4.874920e-17
1.798910e-01  4.570499e-17
1.896792e-01  4.314271e-17
2.000000e-01  3.953650e-17
2.108824e-01  3.663636e-17
2.223569e-01  3.296279e-17
2.344558e-01  2.945699e-17
2.472129e-01  2.621904e-17
2.606643e-01  2.284536e-17
2.748475e-01  2.014626e-17
2.898025e-01  1.794520e-17
3.055712e-01  1.618033e-17
3.221979e-01  1.543241e-17
3.397293e-01  1.459930e-17
3.582146e-01  1.469670e-17
3.777057e-01  1.488216e-17
3.982574e-01  1.579822e-17
4.199274e-01  1.715860e-17
4.427764e-01  1.894488e-17
4.668687e-01  2.108116e-17
4.922720e-01  2.379317e-17
5.190574e-01  2.625429e-17
5.473003e-01  2.952871e-17
5.770800e-01  3.247847e-17
6.084800e-01  3.623274e-17
6.415885e-01  4.023912e-17
6.764986e-01  4.404723e-17
7.133082e-01  4.739738e-17
7.521206e-01  5.116465e-17
7.930449e-01  5.494434e-17
8.361960e-01  5.906715e-17
8.816950e-01  6.385677e-17
9.296697e-01  6.892470e-17
9.802548e-01  7.455813e-17
1.033592e+00  7.946889e-17
1.089832e+00  8.599578e-17
1.149132e+00  9.065984e-17
1.211658e+00  9.675933e-17
1.277587e+00  1.031159e-16
1.347103e+00  1.118573e-16
1.420401e+00  1.197491e-16
1.497688e+00  1.295975e-16
1.579180e+00  1.384252e-16
1.665106e+00  1.495410e-16
1.755708e+00  1.613605e-16
1.851239e+00  1.729250e-16
1.951969e+00  1.860067e-16
2.058179e+00  1.993582e-16
2.170169e+00  2.124437e-16
2.288252e+00  2.231274e-16
2.412760e+00  2.330615e-16
2.544043e+00  2.374663e-16
2.682469e+00  2.373350e-16
2.828427e+00  2.311069e-16
2.982327e+00  2.213552e-16
3.144601e+00  2.270515e-16
3.315705e+00  2.348960e-16
3.496119e+00  2.511374e-16
3.686349e+00  2.696502e-16
3.886931e+00  2.880416e-16
4.098426e+00  3.074666e-16
4.321429e+00  3.264286e-16
4.556566e+00  3.433687e-16
4.804498e+00  3.580584e-16
5.065920e+00  3.686918e-16
5.341566e+00  3.770771e-16
5.632211e+00  3.841574e-16
5.938670e+00  3.907492e-16
6.261804e+00  3.905790e-16
6.602521e+00  3.885740e-16
6.961777e+00  3.800966e-16
7.340580e+00  3.686874e-16
7.739995e+00  3.504078e-16
8.161143e+00  3.264346e-16
8.605206e+00  2.956816e-16
9.073432e+00  2.568094e-16
9.567135e+00  2.156563e-16
1.008770e+01  1.631166e-16
1.063659e+01  1.030099e-16
1.121535e+01  6.241325e-17
1.182560e+01  3.547382e-17
1.246905e+01  1.737137e-17
1.314752e+01  3.294312e-18
1.386290e+01  3.841421e-69
1.461720e+01  4.584334e-69
1.541255e+01  5.355550e-69
1.625118e+01  6.341109e-69
1.713544e+01  7.364482e-69
1.806781e+01  8.667558e-69
1.905091e+01  1.017411e-68
2.008751e+01  1.173887e-68
2.118051e+01  1.372241e-68
2.233298e+01  1.578276e-68
2.354816e+01  1.838831e-68
2.482946e+01  2.109480e-68
2.618048e+01  2.451031e-68
2.760501e+01  2.844249e-68
2.910705e+01  3.252647e-68
3.069082e+01  3.766567e-68
3.236077e+01  4.300218e-68
3.412158e+01  4.624941e-68
3.597820e+01  4.876593e-68
