1.000000e-03  7.813165e-20
1.054412e-03  1.113009e-19
1.111784e-03  1.675565e-19
1.172279e-03  2.545324e-19
1.236065e-03  3.916978e-19
1.303321e-03  5.768424e-19
1.374238e-03  9.062251e-19
1.449012e-03  1.446930e-18
1.527856e-03  2.335023e-18
1.610989e-03  3.752044e-18
1.698646e-03  4.594783e-18
1.791073e-03  5.453046e-18
1.888529e-03  6.123239e-18
1.991287e-03  7.146868e-18
2.099637e-03  8.095258e-18
2.213882e-03  9.178387e-18
2.334344e-03  1.073969e-17
2.461360e-03  1.202903e-17
2.595287e-03  1.415210e-17
2.736502e-03  1.574843e-17
2.885400e-03  1.783562e-17
3.042400e-03  2.029118e-17
3.207943e-03  2.283916e-17
3.382493e-03  2.638226e-17
3.566541e-03  2.920602e-17
3.760603e-03  3.335971e-17
3.965225e-03  3.670008e-17
4.180980e-03  4.130980e-17
4.408475e-03  4.635423e-17
4.648349e-03  5.126753e-17
4.901274e-03  5.805771e-17
5.167962e-03  6.231300e-17
5.449160e-03  6.996358e-17
5.745660e-03  7.588874e-17
6.058292e-03  8.342871e-17
6.387935e-03  9.127231e-17
6.735515e-03  9.748625e-17
7.102007e-03  1.072667e-16
7.488441e-03  1.129503e-16
7.895901e-03  1.223795e-16
8.325532e-03  1.288376e-16
8.778540e-03  1.363745e-16
9.256197e-03  1.431474e-16
9.759844e-03  1.478800e-16
1.029090e-02  1.553073e-16
1.085084e-02  1.578486e-16
1.144126e-02  1.620704e-16
1.206380e-02  1.633836e-16
1.272021e-02  1.639027e-16
1.341234e-02  1.639281e-16
1.414214e-02  1.616877e-16
1.491164e-02  1.581277e-16
1.572301e-02  1.540001e-16
1.657853e-02  1.481977e-16
1.748059e-02  1.419098e-16
1.843175e-02  1.343551e-16
1.943465e-02  1.250701e-16
2.049213e-02  1.174569e-16
2.160715e-02  1.064250e-16
2.278283e-02  1.001073e-16
2.402249e-02  8.993133e-17
2.532960e-02  8.146530e-17
2.670783e-02  7.336199e-17
2.816105e-02  6.404786e-17
2.969335e-02  5.889681e-17
3.130902e-02  5.003270e-17
3.301261e-02  4.566256e-17
3.480888e-02  3.946498e-17
3.670290e-02  3.477446e-17
3.869998e-02  3.149334e-17
4.080572e-02  2.695700e-17
4.302603e-02  2.514288e-17
4.536716e-02  2.209212e-17
4.783567e-02  2.122383e-17
5.043850e-02  2.019913e-17
5.318296e-02  1.982163e-17
5.607674e-02  2.007571e-17
5.912799e-02  2.051317e-17
6.234525e-02  2.141874e-17
6.573758e-02  2.290175e-17
6.931448e-02  2.408873e-17
7.308602e-02  2.563426e-17
7.706277e-02  2.741166e-17
8.125590e-02  2.897010e-17
8.567719e-02  3.105396e-17
9.033905e-02  3.215192e-17
9.525456e-02  3.386990e-17
1.004375e-01  3.574004e-17
1.059025e-01  3.678595e-17
1.116649e-01  3.820206e-17
1.177408e-01  3.878395e-17
1.241473e-01  3.948280e-17
1.309024e-01  3.954802e-17
1.380250e-01  3.949844e-17
1.455352e-01  3.904096e-17
1.534541e-01  3.811236e-17
1.618038e-01  3.666288e-17
1.706079e-01  3.507893e-17
1.798910e-01  3.296506e-17
1.896792e-01  3.108898e-17
2.000000e-01  2.848391e-17
2.108824e-01  2.642435e-17
2.223569e-01  2.378405e-17
2.344558e-01  2.138927e-17
2.472129e-01  1.900936e-17
2.606643e-01  1.660699e-17
2.748475e-01  1.472027e-17
2.898025e-01  1.336069e-17
3.055712e-01  1.195683e-17
3.221979e-01  1.147193e-17
3.397293e-01  1.095061e-17
3.582146e-01  1.106851e-17
3.777057e-01  1.129749e-17
3.982574e-01  1.202579e-17
4.199274e-01  1.307931e-17
4.427764e-01  1.451155e-17
4.668687e-01  1.611960e-17
4.922720e-01  1.827569e-17
5.190574e-01  2.019653e-17
5.473003e-01  2.270970e-17
5.770800e-01  2.481209e-17
6.084800e-01  2.786275e-17
6.415885e-01  3.088228e-17
6.764986e-01  3.384266e-17
7.133082e-01  3.642740e-17
7.521206e-01  3.921847e-17
7.930449e-01  4.193297e-17
8.361960e-01  4.531909e-17
8.816950e-01  4.893519e-17
9.296697e-01  5.262469e-17
9.802548e-01  5.700526e-17
1.033592e+00  6.092760e-17
1.089832e+00  6.585709e-17
1.149132e+00  6.936727e-17
1.211658e+00  7.412285e-17
1.277587e+00  7.905213e-17
1.347103e+00  8.563922e-17
1.420401e+00  9.133979e-17
1.497688e+00  9.899410e-17
1.579180e+00  1.060494e-16
1.665106e+00  1.147237e-16
1.755708e+00  1.237255e-16
1.851239e+00  1.341235e-16
1.951969e+00  1.452419e-16
2.058179e+00  1.563088e-16
2.170169e+00  1.691101e-16
2.288252e+00  1.795042e-16
2.412760e+00  1.889525e-16
2.544043e+00  1.937298e-16
2.682469e+00  1.966617e-16
2.828427e+00  1.911016e-16
2.982327e+00  1.831048e-16
3.144601e+00  1.878537e-16
3.315705e+00  1.951185e-16
3.496119e+00  2.095813e-16
3.686349e+00  2.255124e-16
3.886931e+00  2.414978e-16
4.098426e+00  2.591777e-16
4.321429e+00  2.767489e-16
4.556566e+00  2.945734e-16
4.804498e+00  3.091545e-16
5.065920e+00  3.187228e-16
5.341566e+00  3.267282e-16
5.632211e+00  3.333489e-16
5.938670e+00  3.399152e-16
6.261804e+00  3.406000e-16
6.602521e+00  3.392224e-16
6.961777e+00  3.332588e-16
7.340580e+00  3.235625e-16
7.739995e+00  3.090630e-16
8.161143e+00  2.889238e-16
8.605206e+00  2.632838e-16
9.073432e+00  2.306421e-16
9.567135e+00  1.928605e-16
1.008770e+01  1.471631e-16
1.063659e+01  9.868581e-17
1.121535e+01  5.845176e-17
1.182560e+01  3.213827e-17
1.246905e+01  1.583290e-17
1.314752e+01  3.012474e-18
1.386290e+01  3.482884e-69
1.461720e+01  4.159324e-69
1.541255e+01  4.943017e-69
1.625118e+01  5.755588e-69
1.713544e+01  6.790486e-69
1.806781e+01  7.986008e-69
1.905091e+01  9.365916e-69
2.008751e+01  1.079738e-68
2.118051e+01  1.260850e-68
2.233298e+01  1.469460e-68
2.354816e+01  1.709594e-68
2.482946e+01  1.958750e-68
2.618048e+01  2.272483e-68
2.760501e+01  2.633032e-68
2.910705e+01  3.047158e-68
3.069082e+01  3.522573e-68
3.236077e+01  4.015755e-68
3.412158e+01  4.317406e-68
3.597820e+01  4.552324e-68
