1.000000e-03  5.948039e-20
1.054412e-03  8.815861e-20
1.111784e-03  1.301619e-19
1.172279e-03  1.946677e-19
1.236065e-03  2.940873e-19
1.303321e-03  4.481891e-19
1.374238e-03  6.931383e-19
1.449012e-03  1.081338e-18
1.527856e-03  1.714906e-18
1.610989e-03  2.603766e-18
1.698646e-03  3.352591e-18
1.791073e-03  3.971726e-18
1.888529e-03  4.452203e-18
1.991287e-03  5.106619e-18
2.099637e-03  5.883906e-18
2.213882e-03  6.702110e-18
2.334344e-03  7.807120e-18
2.461360e-03  8.739358e-18
2.595287e-03  1.023339e-17
2.736502e-03  1.132794e-17
2.885400e-03  1.297566e-17
3.042400e-03  1.478326e-17
3.207943e-03  1.663130e-17
3.382493e-03  1.904286e-17
3.566541e-03  2.097928e-17
3.760603e-03  2.409877e-17
3.965225e-03  2.667332e-17
4.180980e-03  3.003634e-17
4.408475e-03  3.363205e-17
4.648349e-03  3.712306e-17
4.901274e-03  4.186383e-17
5.167962e-03  4.527981e-17
5.449160e-03  5.080213e-17
5.745660e-03  5.498617e-17
6.058292e-03  6.031768e-17
6.387935e-03  6.574421e-17
6.735515e-03  7.048140e-17
7.102007e-03  7.772405e-17
7.488441e-03  8.185670e-17
7.895901e-03  8.857356e-17
8.325532e-03  9.274146e-17
8.778540e-03  9.777356e-17
9.256197e-03  1.034532e-16
9.759844e-03  1.069167e-16
1.029090e-02  1.121829e-16
1.085084e-02  1.139671e-16
1.144126e-02  1.169215e-16
1.206380e-02  1.179137e-16
1.272021e-02  1.182456e-16
1.341234e-02  1.181666e-16
1.414214e-02  1.166148e-16
1.491164e-02  1.141139e-16
1.572301e-02  1.112742e-16
1.657853e-02  1.067233e-16
1.748059e-02  1.021279e-16
1.843175e-02  9.662549e-17
1.943465e-02  9.003069e-17
2.049213e-02  8.525154e-17
2.160715e-02  7.690520e-17
2.278283e-02  7.187972e-17
2.402249e-02  6.461978e-17
2.532960e-02  5.859515e-17
2.670783e-02  5.285901e-17
2.816105e-02  4.639254e-17
2.969335e-02  4.239324e-17
3.130902e-02  3.591041e-17
3.301261e-02  3.275499e-17
3.480888e-02  2.847318e-17
3.670290e-02  2.525023e-17
3.869998e-02  2.270113e-17
4.080572e-02  1.940582e-17
4.302603e-02  1.808268e-17
4.536716e-02  1.592559e-17
4.783567e-02  1.531266e-17
5.043850e-02  1.473199e-17
5.318296e-02  1.432234e-17
5.607674e-02  1.452487e-17
5.912799e-02  1.484347e-17
6.234525e-02  1.548964e-17
6.573758e-02  1.652808e-17
6.931448e-02  1.733987e-17
7.308602e-02  1.857378e-17
7.706277e-02  1.984355e-17
8.125590e-02  2.098275e-17
8.567719e-02  2.248268e-17
9.033905e-02  2.320863e-17
9.525456e-02  2.435298e-17
1.004375e-01  2.577907e-17
1.059025e-01  2.658725e-17
1.116649e-01  2.759397e-17
1.177408e-01  2.800726e-17
1.241473e-01  2.850371e-17
1.309024e-01  2.855522e-17
1.380250e-01  2.850277e-17
1.455352e-01  2.815064e-17
1.534541e-01  2.751524e-17
1.618038e-01  2.656365e-17
1.706079e-01  2.541726e-17
1.798910e-01  2.378943e-17
1.896792e-01  2.241900e-17
2.000000e-01  2.055732e-17
2.108824e-01  1.907431e-17
2.223569e-01  1.733120e-17
2.344558e-01  1.545524e-17
2.472129e-01  1.376631e-17
2.606643e-01  1.212902e-17
2.748475e-01  1.085384e-17
2.898025e-01  9.848498e-18
3.055712e-01  8.907947e-18
3.221979e-01  8.549915e-18
3.397293e-01  8.226322e-18
3.582146e-01  8.366535e-18
3.777057e-01  8.601189e-18
3.982574e-01  9.203205e-18
4.199274e-01  1.004006e-17
4.427764e-01  1.110250e-17
4.668687e-01  1.234547e-17
4.922720e-01  1.408510e-17
5.190574e-01  1.555270e-17
5.473003e-01  1.745696e-17
5.770800e-01  1.918994e-17
6.084800e-01  2.156341e-17
6.415885e-01  2.390665e-17
6.764986e-01  2.618309e-17
7.133082e-01  2.809601e-17
7.521206e-01  3.010820e-17
7.930449e-01  3.224034e-17
8.361960e-01  3.474164e-17
8.816950e-01  3.760039e-17
9.296697e-01  4.053997e-17
9.802548e-01  4.398608e-17
1.033592e+00  4.704447e-17
1.089832e+00  5.085355e-17
1.149132e+00  5.358254e-17
1.211658e+00  5.715219e-17
1.277587e+00  6.063197e-17
1.347103e+00  6.584929e-17
1.420401e+00  7.041555e-17
1.497688e+00  7.642476e-17
1.579180e+00  8.198608e-17
1.665106e+00  8.882692e-17
1.755708e+00  9.589758e-17
1.851239e+00  1.039448e-16
1.951969e+00  1.126225e-16
2.058179e+00  1.211478e-16
2.170169e+00  1.303955e-16
2.288252e+00  1.396814e-16
2.412760e+00  1.496604e-16
2.544043e+00  1.554366e-16
2.682469e+00  1.594957e-16
2.828427e+00  1.560672e-16
2.982327e+00  1.497956e-16
3.144601e+00  1.543882e-16
3.315705e+00  1.608213e-16
3.496119e+00  1.724028e-16
3.686349e+00  1.864027e-16
3.886931e+00  2.003524e-16
4.098426e+00  2.161861e-16
4.321429e+00  2.325605e-16
4.556566e+00  2.492891e-16
4.804498e+00  2.644821e-16
5.065920e+00  2.744882e-16
5.341566e+00  2.818824e-16
5.632211e+00  2.878354e-16
5.938670e+00  2.936631e-16
6.261804e+00  2.945293e-16
6.602521e+00  2.943367e-16
6.961777e+00  2.895759e-16
7.340580e+00  2.820214e-16
7.739995e+00  2.698697e-16
8.161143e+00  2.531263e-16
8.605206e+00  2.301022e-16
9.073432e+00  2.020437e-16
9.567135e+00  1.704029e-16
1.008770e+01  1.353361e-16
1.063659e+01  8.963659e-17
1.121535e+01  5.299281e-17
1.182560e+01  3.004500e-17
1.246905e+01  1.431940e-17
1.314752e+01  2.740909e-18
1.386290e+01  3.161941e-69
1.461720e+01  3.779601e-69
1.541255e+01  4.494275e-69
1.625118e+01  5.320247e-69
1.713544e+01  6.273849e-69
1.806781e+01  7.373754e-69
1.905091e+01  8.641301e-69
2.008751e+01  1.010087e-68
2.118051e+01  1.178033e-68
2.233298e+01  1.371146e-68
2.354816e+01  1.593057e-68
2.482946e+01  1.847907e-68
2.618048e+01  2.140421e-68
2.760501e+01  2.443610e-68
2.910705e+01  2.823784e-68
3.069082e+01  3.259485e-68
3.236077e+01  3.758568e-68
3.412158e+01  4.039468e-68
3.597820e+01  4.259264e-68
