1.000000e-03  6.560029e-20
1.054412e-03  9.375276e-20
1.111784e-03  1.400200e-19
1.172279e-03  2.103429e-19
1.236065e-03  3.187422e-19
1.303321e-03  4.886080e-19
1.374238e-03  7.526785e-19
1.449012e-03  1.188152e-18
1.527856e-03  1.891420e-18
1.610989e-03  2.892966e-18
1.698646e-03  3.732337e-18
1.791073e-03  4.424821e-18
1.888529e-03  4.946163e-18
1.991287e-03  5.673264e-18
2.099637e-03  6.543855e-18
2.213882e-03  7.453012e-18
2.334344e-03  8.715558e-18
2.461360e-03  9.749547e-18
2.595287e-03  1.137580e-17
2.736502e-03  1.260116e-17
2.885400e-03  1.443761e-17
3.042400e-03  1.646678e-17
3.207943e-03  1.852109e-17
3.382493e-03  2.132311e-17
3.566541e-03  2.332667e-17
3.760603e-03  2.681966e-17
3.965225e-03  2.972667e-17
4.180980e-03  3.349056e-17
4.408475e-03  3.752783e-17
4.648349e-03  4.131634e-17
4.901274e-03  4.663127e-17
5.167962e-03  5.042282e-17
5.449160e-03  5.662225e-17
5.745660e-03  6.143858e-17
6.058292e-03  6.741635e-17
6.387935e-03  7.326289e-17
6.735515e-03  7.856021e-17
7.102007e-03  8.670144e-17
7.488441e-03  9.130902e-17
7.895901e-03  9.886940e-17
8.325532e-03  1.039152e-16
8.778540e-03  1.090592e-16
9.256197e-03  1.154514e-16
9.759844e-03  1.193445e-16
1.029090e-02  1.252895e-16
1.085084e-02  1.273072e-16
1.144126e-02  1.305914e-16
1.206380e-02  1.317111e-16
1.272021e-02  1.320983e-16
1.341234e-02  1.320180e-16
1.414214e-02  1.301923e-16
1.491164e-02  1.273990e-16
1.572301e-02  1.244462e-16
1.657853e-02  1.193385e-16
1.748059e-02  1.141738e-16
1.843175e-02  1.080161e-16
1.943465e-02  1.005876e-16
2.049213e-02  9.470876e-17
2.160715e-02  8.606247e-17
2.278283e-02  8.046521e-17
2.402249e-02  7.225353e-17
2.532960e-02  6.542510e-17
2.670783e-02  5.898247e-17
2.816105e-02  5.193306e-17
2.969335e-02  4.748540e-17
3.130902e-02  4.018711e-17
3.301261e-02  3.666152e-17
3.480888e-02  3.170085e-17
3.670290e-02  2.800211e-17
3.869998e-02  2.541381e-17
4.080572e-02  2.170481e-17
4.302603e-02  2.022958e-17
4.536716e-02  1.779357e-17
4.783567e-02  1.710236e-17
5.043850e-02  1.628909e-17
5.318296e-02  1.598283e-17
5.607674e-02  1.620442e-17
5.912799e-02  1.658543e-17
6.234525e-02  1.731978e-17
6.573758e-02  1.848640e-17
6.931448e-02  1.932677e-17
7.308602e-02  2.070325e-17
7.706277e-02  2.212894e-17
8.125590e-02  2.340202e-17
8.567719e-02  2.508071e-17
9.033905e-02  2.596172e-17
9.525456e-02  2.733420e-17
1.004375e-01  2.877184e-17
1.059025e-01  2.967451e-17
1.116649e-01  3.081317e-17
1.177408e-01  3.127797e-17
1.241473e-01  3.183671e-17
1.309024e-01  3.189660e-17
1.380250e-01  3.184165e-17
1.455352e-01  3.144733e-17
1.534541e-01  3.071224e-17
1.618038e-01  2.962529e-17
1.706079e-01  2.840842e-17
1.798910e-01  2.658978e-17
1.896792e-01  2.506731e-17
2.000000e-01  2.297190e-17
2.108824e-01  2.132816e-17
2.223569e-01  1.937414e-17
2.344558e-01  1.726435e-17
2.472129e-01  1.536560e-17
2.606643e-01  1.345380e-17
2.748475e-01  1.196907e-17
2.898025e-01  1.093845e-17
3.055712e-01  9.860548e-18
3.221979e-01  9.440954e-18
3.397293e-01  9.055163e-18
3.582146e-01  9.184646e-18
3.777057e-01  9.424892e-18
3.982574e-01  1.006650e-17
4.199274e-01  1.096932e-17
4.427764e-01  1.221794e-17
4.668687e-01  1.351313e-17
4.922720e-01  1.539895e-17
5.190574e-01  1.694188e-17
5.473003e-01  1.901902e-17
5.770800e-01  2.090452e-17
6.084800e-01  2.349624e-17
6.415885e-01  2.605727e-17
6.764986e-01  2.856659e-17
7.133082e-01  3.072472e-17
7.521206e-01  3.308368e-17
7.930449e-01  3.527208e-17
8.361960e-01  3.789084e-17
8.816950e-01  4.099243e-17
9.296697e-01  4.418010e-17
9.802548e-01  4.795119e-17
1.033592e+00  5.127479e-17
1.089832e+00  5.545985e-17
1.149132e+00  5.847363e-17
1.211658e+00  6.252683e-17
1.277587e+00  6.672843e-17
1.347103e+00  7.190708e-17
1.420401e+00  7.671182e-17
1.497688e+00  8.321800e-17
1.579180e+00  8.925651e-17
1.665106e+00  9.669678e-17
1.755708e+00  1.043997e-16
1.851239e+00  1.130964e-16
1.951969e+00  1.227119e-16
2.058179e+00  1.324273e-16
2.170169e+00  1.427910e-16
2.288252e+00  1.519990e-16
2.412760e+00  1.622875e-16
2.544043e+00  1.680562e-16
2.682469e+00  1.713854e-16
2.828427e+00  1.671571e-16
2.982327e+00  1.603689e-16
3.144601e+00  1.651008e-16
3.315705e+00  1.722579e-16
3.496119e+00  1.852334e-16
3.686349e+00  1.995916e-16
3.886931e+00  2.134565e-16
4.098426e+00  2.294173e-16
4.321429e+00  2.463234e-16
4.556566e+00  2.636869e-16
4.804498e+00  2.788214e-16
5.065920e+00  2.886966e-16
5.341566e+00  2.963600e-16
5.632211e+00  3.025600e-16
5.938670e+00  3.088648e-16
6.261804e+00  3.090799e-16
6.602521e+00  3.086745e-16
6.961777e+00  3.042059e-16
7.340580e+00  2.961911e-16
7.739995e+00  2.833134e-16
8.161143e+00  2.656180e-16
8.605206e+00  2.412846e-16
9.073432e+00  2.113639e-16
9.567135e+00  1.768348e-16
1.008770e+01  1.353045e-16
1.063659e+01  9.275501e-17
1.121535e+01  5.521261e-17
1.182560e+01  3.121790e-17
1.246905e+01  1.483485e-17
1.314752e+01  2.830374e-18
1.386290e+01  3.265076e-69
1.461720e+01  3.901548e-69
1.541255e+01  4.638296e-69
1.625118e+01  5.490149e-69
1.713544e+01  6.474074e-69
1.806781e+01  7.609480e-69
1.905091e+01  8.918562e-69
2.008751e+01  1.027549e-68
2.118051e+01  1.199010e-68
2.233298e+01  1.396283e-68
2.354816e+01  1.623110e-68
2.482946e+01  1.883761e-68
2.618048e+01  2.183109e-68
2.760501e+01  2.526713e-68
2.910705e+01  2.920906e-68
3.069082e+01  3.329600e-68
3.236077e+01  3.841495e-68
3.412158e+01  4.129074e-68
3.597820e+01  4.353745e-68
