1.000000e-03  6.074738e-20
1.054412e-03  8.973266e-20
1.111784e-03  1.336837e-19
1.172279e-03  2.004980e-19
1.236065e-03  3.011264e-19
1.303321e-03  4.607713e-19
1.374238e-03  7.132273e-19
1.449012e-03  1.119987e-18
1.527856e-03  1.776014e-18
1.610989e-03  2.704782e-18
1.698646e-03  3.475530e-18
1.791073e-03  4.118264e-18
1.888529e-03  4.618368e-18
1.991287e-03  5.295813e-18
2.099637e-03  6.102520e-18
2.213882e-03  6.948685e-18
2.334344e-03  8.124121e-18
2.461360e-03  9.063161e-18
2.595287e-03  1.061014e-17
2.736502e-03  1.175775e-17
2.885400e-03  1.346668e-17
3.042400e-03  1.533681e-17
3.207943e-03  1.724914e-17
3.382493e-03  1.975724e-17
3.566541e-03  2.176640e-17
3.760603e-03  2.499468e-17
3.965225e-03  2.771042e-17
4.180980e-03  3.115331e-17
4.408475e-03  3.490240e-17
4.648349e-03  3.852135e-17
4.901274e-03  4.345529e-17
5.167962e-03  4.698361e-17
5.449160e-03  5.271487e-17
5.745660e-03  5.721293e-17
6.058292e-03  6.259318e-17
6.387935e-03  6.825069e-17
6.735515e-03  7.317519e-17
7.102007e-03  8.072045e-17
7.488441e-03  8.497921e-17
7.895901e-03  9.195404e-17
8.325532e-03  9.629945e-17
8.778540e-03  1.015143e-16
9.256197e-03  1.074394e-16
9.759844e-03  1.110475e-16
1.029090e-02  1.165120e-16
1.085084e-02  1.183689e-16
1.144126e-02  1.214331e-16
1.206380e-02  1.224696e-16
1.272021e-02  1.228377e-16
1.341234e-02  1.227531e-16
1.414214e-02  1.210445e-16
1.491164e-02  1.185563e-16
1.572301e-02  1.156148e-16
1.657853e-02  1.108640e-16
1.748059e-02  1.060548e-16
1.843175e-02  1.004154e-16
1.943465e-02  9.353676e-17
2.049213e-02  8.792938e-17
2.160715e-02  7.991082e-17
2.278283e-02  7.469459e-17
2.402249e-02  6.708240e-17
2.532960e-02  6.087985e-17
2.670783e-02  5.493990e-17
2.816105e-02  4.819457e-17
2.969335e-02  4.404837e-17
3.130902e-02  3.731956e-17
3.301261e-02  3.403561e-17
3.480888e-02  2.944581e-17
3.670290e-02  2.622980e-17
3.869998e-02  2.358785e-17
4.080572e-02  2.015391e-17
4.302603e-02  1.878153e-17
4.536716e-02  1.653963e-17
4.783567e-02  1.590184e-17
5.043850e-02  1.515057e-17
5.318296e-02  1.487277e-17
5.607674e-02  1.507642e-17
5.912799e-02  1.543117e-17
6.234525e-02  1.611292e-17
6.573758e-02  1.715545e-17
6.931448e-02  1.800074e-17
7.308602e-02  1.927876e-17
7.706277e-02  2.060309e-17
8.125590e-02  2.178408e-17
8.567719e-02  2.334238e-17
9.033905e-02  2.412644e-17
9.525456e-02  2.539420e-17
1.004375e-01  2.677183e-17
1.059025e-01  2.761136e-17
1.116649e-01  2.865929e-17
1.177408e-01  2.908959e-17
1.241473e-01  2.960392e-17
1.309024e-01  2.965625e-17
1.380250e-01  2.960694e-17
1.455352e-01  2.923804e-17
1.534541e-01  2.854490e-17
1.618038e-01  2.759492e-17
1.706079e-01  2.640729e-17
1.798910e-01  2.470880e-17
1.896792e-01  2.329124e-17
2.000000e-01  2.135555e-17
2.108824e-01  1.981396e-17
2.223569e-01  1.800050e-17
2.344558e-01  1.604879e-17
2.472129e-01  1.428842e-17
2.606643e-01  1.252574e-17
2.748475e-01  1.125305e-17
2.898025e-01  1.020439e-17
3.055712e-01  9.220782e-18
3.221979e-01  8.843930e-18
3.397293e-01  8.500197e-18
3.582146e-01  8.640106e-18
3.777057e-01  8.886443e-18
3.982574e-01  9.500955e-18
4.199274e-01  1.035931e-17
4.427764e-01  1.152190e-17
4.668687e-01  1.273878e-17
4.922720e-01  1.451461e-17
5.190574e-01  1.602132e-17
5.473003e-01  1.798654e-17
5.770800e-01  1.977259e-17
6.084800e-01  2.222423e-17
6.415885e-01  2.464335e-17
6.764986e-01  2.701124e-17
7.133082e-01  2.902425e-17
7.521206e-01  3.101904e-17
7.930449e-01  3.321792e-17
8.361960e-01  3.579365e-17
8.816950e-01  3.874435e-17
9.296697e-01  4.176756e-17
9.802548e-01  4.532788e-17
1.033592e+00  4.847893e-17
1.089832e+00  5.242729e-17
1.149132e+00  5.526744e-17
1.211658e+00  5.904294e-17
1.277587e+00  6.243893e-17
1.347103e+00  6.781959e-17
1.420401e+00  7.251063e-17
1.497688e+00  7.870356e-17
1.579180e+00  8.442654e-17
1.665106e+00  9.147611e-17
1.755708e+00  9.876558e-17
1.851239e+00  1.070070e-16
1.951969e+00  1.160680e-16
2.058179e+00  1.251287e-16
2.170169e+00  1.342638e-16
2.288252e+00  1.437959e-16
2.412760e+00  1.540114e-16
2.544043e+00  1.597882e-16
2.682469e+00  1.635648e-16
2.828427e+00  1.599575e-16
2.982327e+00  1.535133e-16
3.144601e+00  1.582378e-16
3.315705e+00  1.651026e-16
3.496119e+00  1.769170e-16
3.686349e+00  1.905644e-16
3.886931e+00  2.048193e-16
4.098426e+00  2.207564e-16
4.321429e+00  2.372659e-16
4.556566e+00  2.542038e-16
4.804498e+00  2.693381e-16
5.065920e+00  2.792606e-16
5.341566e+00  2.867599e-16
5.632211e+00  2.930354e-16
5.938670e+00  2.988357e-16
6.261804e+00  2.996986e-16
6.602521e+00  2.994765e-16
6.961777e+00  2.946178e-16
7.340580e+00  2.868905e-16
7.739995e+00  2.744835e-16
8.161143e+00  2.574107e-16
8.605206e+00  2.339469e-16
9.073432e+00  2.050443e-16
9.567135e+00  1.716705e-16
1.008770e+01  1.374176e-16
1.063659e+01  9.096465e-17
1.121535e+01  5.374851e-17
1.182560e+01  3.043868e-17
1.246905e+01  1.448989e-17
1.314752e+01  2.770577e-18
1.386290e+01  3.235090e-69
1.461720e+01  3.864524e-69
1.541255e+01  4.516263e-69
1.625118e+01  5.347121e-69
1.713544e+01  6.306553e-69
1.806781e+01  7.413398e-69
1.905091e+01  8.689196e-69
2.008751e+01  1.015856e-68
2.118051e+01  1.184961e-68
2.233298e+01  1.379446e-68
2.354816e+01  1.602979e-68
2.482946e+01  1.859741e-68
2.618048e+01  2.154508e-68
2.760501e+01  2.492719e-68
2.910705e+01  2.843308e-68
3.069082e+01  3.282608e-68
3.236077e+01  3.785912e-68
3.412158e+01  4.069013e-68
3.597820e+01  4.290416e-68
