1.000000e-03  3.866688e-20
1.054412e-03  5.618241e-20
1.111784e-03  8.553874e-20
1.172279e-03  1.260422e-19
1.236065e-03  1.849300e-19
1.303321e-03  2.735793e-19
1.374238e-03  4.303025e-19
1.449012e-03  6.545346e-19
1.527856e-03  1.000944e-18
1.610989e-03  1.551845e-18
1.698646e-03  1.997343e-18
1.791073e-03  2.355867e-18
1.888529e-03  2.628047e-18
1.991287e-03  3.025999e-18
2.099637e-03  3.499794e-18
2.213882e-03  3.984299e-18
2.334344e-03  4.620008e-18
2.461360e-03  5.139265e-18
2.595287e-03  6.069342e-18
2.736502e-03  6.745880e-18
2.885400e-03  7.687138e-18
3.042400e-03  8.699467e-18
3.207943e-03  9.809589e-18
3.382493e-03  1.132522e-17
3.566541e-03  1.244827e-17
3.760603e-03  1.421116e-17
3.965225e-03  1.577214e-17
4.180980e-03  1.778955e-17
4.408475e-03  1.981527e-17
4.648349e-03  2.173785e-17
4.901274e-03  2.460101e-17
5.167962e-03  2.679762e-17
5.449160e-03  2.991612e-17
5.745660e-03  3.229800e-17
6.058292e-03  3.518999e-17
6.387935e-03  3.884204e-17
6.735515e-03  4.156228e-17
7.102007e-03  4.560711e-17
7.488441e-03  4.784668e-17
7.895901e-03  5.204816e-17
8.325532e-03  5.458663e-17
8.778540e-03  5.743546e-17
9.256197e-03  6.057425e-17
9.759844e-03  6.276458e-17
1.029090e-02  6.568723e-17
1.085084e-02  6.663714e-17
1.144126e-02  6.817638e-17
1.206380e-02  6.899262e-17
1.272021e-02  6.916097e-17
1.341234e-02  6.908623e-17
1.414214e-02  6.816607e-17
1.491164e-02  6.652098e-17
1.572301e-02  6.486464e-17
1.657853e-02  6.226548e-17
1.748059e-02  5.971609e-17
1.843175e-02  5.621897e-17
1.943465e-02  5.251267e-17
2.049213e-02  4.955092e-17
2.160715e-02  4.487400e-17
2.278283e-02  4.168934e-17
2.402249e-02  3.754712e-17
2.532960e-02  3.419741e-17
2.670783e-02  3.109436e-17
2.816105e-02  2.684726e-17
2.969335e-02  2.455957e-17
3.130902e-02  2.093294e-17
3.301261e-02  1.921812e-17
3.480888e-02  1.645228e-17
3.670290e-02  1.462106e-17
3.869998e-02  1.317239e-17
4.080572e-02  1.134998e-17
4.302603e-02  1.051605e-17
4.536716e-02  9.316435e-18
4.783567e-02  8.990091e-18
5.043850e-02  8.617469e-18
5.318296e-02  8.408721e-18
5.607674e-02  8.529025e-18
5.912799e-02  8.724285e-18
6.234525e-02  9.083972e-18
6.573758e-02  9.748819e-18
6.931448e-02  1.022382e-17
7.308602e-02  1.092340e-17
7.706277e-02  1.163090e-17
8.125590e-02  1.233664e-17
8.567719e-02  1.318654e-17
9.033905e-02  1.362088e-17
9.525456e-02  1.433046e-17
1.004375e-01  1.514507e-17
1.059025e-01  1.560428e-17
1.116649e-01  1.616241e-17
1.177408e-01  1.638383e-17
1.241473e-01  1.668692e-17
1.309024e-01  1.671394e-17
1.380250e-01  1.667302e-17
1.455352e-01  1.647741e-17
1.534541e-01  1.609584e-17
1.618038e-01  1.549180e-17
1.706079e-01  1.483519e-17
1.798910e-01  1.391784e-17
1.896792e-01  1.310615e-17
2.000000e-01  1.203302e-17
2.108824e-01  1.119310e-17
2.223569e-01  1.016407e-17
2.344558e-01  9.146343e-18
2.472129e-01  8.144729e-18
2.606643e-01  7.225869e-18
2.748475e-01  6.468447e-18
2.898025e-01  5.932858e-18
3.055712e-01  5.409804e-18
3.221979e-01  5.240248e-18
3.397293e-01  5.106637e-18
3.582146e-01  5.226540e-18
3.777057e-01  5.438061e-18
3.982574e-01  5.839152e-18
4.199274e-01  6.395494e-18
4.427764e-01  7.108941e-18
4.668687e-01  7.958126e-18
4.922720e-01  9.074198e-18
5.190574e-01  9.989518e-18
5.473003e-01  1.125614e-17
5.770800e-01  1.239465e-17
6.084800e-01  1.389626e-17
6.415885e-01  1.546584e-17
6.764986e-01  1.688871e-17
7.133082e-01  1.812223e-17
7.521206e-01  1.955902e-17
7.930449e-01  2.097278e-17
8.361960e-01  2.253697e-17
8.816950e-01  2.437798e-17
9.296697e-01  2.632938e-17
9.802548e-01  2.853377e-17
1.033592e+00  3.057068e-17
1.089832e+00  3.300011e-17
1.149132e+00  3.479099e-17
1.211658e+00  3.722682e-17
1.277587e+00  3.968146e-17
1.347103e+00  4.303194e-17
1.420401e+00  4.602692e-17
1.497688e+00  4.999523e-17
1.579180e+00  5.362142e-17
1.665106e+00  5.793181e-17
1.755708e+00  6.271380e-17
1.851239e+00  6.785520e-17
1.951969e+00  7.384029e-17
2.058179e+00  7.944287e-17
2.170169e+00  8.621466e-17
2.288252e+00  9.220583e-17
2.412760e+00  9.920703e-17
2.544043e+00  1.034072e-16
2.682469e+00  1.074766e-16
2.828427e+00  1.053043e-16
2.982327e+00  1.025278e-16
3.144601e+00  1.061351e-16
3.315705e+00  1.113191e-16
3.496119e+00  1.205514e-16
3.686349e+00  1.317544e-16
3.886931e+00  1.425473e-16
4.098426e+00  1.550635e-16
4.321429e+00  1.676632e-16
4.556566e+00  1.817417e-16
4.804498e+00  1.949834e-16
5.065920e+00  2.067585e-16
5.341566e+00  2.150498e-16
5.632211e+00  2.201952e-16
5.938670e+00  2.252587e-16
6.261804e+00  2.269750e-16
6.602521e+00  2.275888e-16
6.961777e+00  2.245454e-16
7.340580e+00  2.198995e-16
7.739995e+00  2.112724e-16
8.161143e+00  1.995815e-16
8.605206e+00  1.827707e-16
9.073432e+00  1.628583e-16
9.567135e+00  1.373261e-16
1.008770e+01  1.075215e-16
1.063659e+01  7.119323e-17
1.121535e+01  4.277259e-17
1.182560e+01  2.492110e-17
1.246905e+01  1.153591e-17
1.314752e+01  2.248517e-18
1.386290e+01  2.685690e-69
1.461720e+01  3.216792e-69
1.541255e+01  3.895407e-69
1.625118e+01  4.611626e-69
1.713544e+01  5.436511e-69
1.806781e+01  6.385588e-69
1.905091e+01  7.587474e-69
2.008751e+01  8.855777e-69
2.118051e+01  1.031116e-68
2.233298e+01  1.198004e-68
2.354816e+01  1.408052e-68
2.482946e+01  1.629660e-68
2.618048e+01  1.883287e-68
2.760501e+01  2.173401e-68
2.910705e+01  2.536910e-68
3.069082e+01  2.920289e-68
3.236077e+01  3.358140e-68
3.412158e+01  3.606962e-68
3.597820e+01  3.803224e-68
