1.000000e-03  3.514742e-20
1.054412e-03  5.324041e-20
1.111784e-03  7.767906e-20
1.172279e-03  1.131423e-19
1.236065e-03  1.729318e-19
1.303321e-03  2.560769e-19
1.374238e-03  3.807210e-19
1.449012e-03  6.015923e-19
1.527856e-03  9.196089e-19
1.610989e-03  1.414453e-18
1.698646e-03  1.787240e-18
1.791073e-03  2.130260e-18
1.888529e-03  2.387891e-18
1.991287e-03  2.750893e-18
2.099637e-03  3.148327e-18
2.213882e-03  3.606835e-18
2.334344e-03  4.195363e-18
2.461360e-03  4.673529e-18
2.595287e-03  5.483456e-18
2.736502e-03  6.115718e-18
2.885400e-03  6.979293e-18
3.042400e-03  7.903651e-18
3.207943e-03  8.818001e-18
3.382493e-03  1.023776e-17
3.566541e-03  1.129597e-17
3.760603e-03  1.289893e-17
3.965225e-03  1.421733e-17
4.180980e-03  1.609357e-17
4.408475e-03  1.797445e-17
4.648349e-03  1.972433e-17
4.901274e-03  2.231550e-17
5.167962e-03  2.419240e-17
5.449160e-03  2.709449e-17
5.745660e-03  2.928821e-17
6.058292e-03  3.189170e-17
6.387935e-03  3.510474e-17
6.735515e-03  3.763610e-17
7.102007e-03  4.129709e-17
7.488441e-03  4.333329e-17
7.895901e-03  4.705116e-17
8.325532e-03  4.940477e-17
8.778540e-03  5.195352e-17
9.256197e-03  5.478185e-17
9.759844e-03  5.668279e-17
1.029090e-02  5.937371e-17
1.085084e-02  6.022307e-17
1.144126e-02  6.157873e-17
1.206380e-02  6.234320e-17
1.272021e-02  6.245581e-17
1.341234e-02  6.235324e-17
1.414214e-02  6.150260e-17
1.491164e-02  6.008310e-17
1.572301e-02  5.850698e-17
1.657853e-02  5.615097e-17
1.748059e-02  5.381767e-17
1.843175e-02  5.085478e-17
1.943465e-02  4.734453e-17
2.049213e-02  4.463590e-17
2.160715e-02  4.042165e-17
2.278283e-02  3.765606e-17
2.402249e-02  3.383224e-17
2.532960e-02  3.077848e-17
2.670783e-02  2.799826e-17
2.816105e-02  2.422603e-17
2.969335e-02  2.212613e-17
3.130902e-02  1.884760e-17
3.301261e-02  1.728763e-17
3.480888e-02  1.490876e-17
3.670290e-02  1.316533e-17
3.869998e-02  1.186896e-17
4.080572e-02  1.023009e-17
4.302603e-02  9.496971e-18
4.536716e-02  8.406202e-18
4.783567e-02  8.115652e-18
5.043850e-02  7.789758e-18
5.318296e-02  7.594991e-18
5.607674e-02  7.707562e-18
5.912799e-02  7.897748e-18
6.234525e-02  8.227274e-18
6.573758e-02  8.786028e-18
6.931448e-02  9.253926e-18
7.308602e-02  9.888675e-18
7.706277e-02  1.052699e-17
8.125590e-02  1.114842e-17
8.567719e-02  1.192879e-17
9.033905e-02  1.232494e-17
9.525456e-02  1.294187e-17
1.004375e-01  1.368303e-17
1.059025e-01  1.410294e-17
1.116649e-01  1.460899e-17
1.177408e-01  1.480167e-17
1.241473e-01  1.506959e-17
1.309024e-01  1.509931e-17
1.380250e-01  1.505712e-17
1.455352e-01  1.486801e-17
1.534541e-01  1.452296e-17
1.618038e-01  1.399268e-17
1.706079e-01  1.338064e-17
1.798910e-01  1.255416e-17
1.896792e-01  1.187289e-17
2.000000e-01  1.086485e-17
2.108824e-01  1.009172e-17
2.223569e-01  9.177073e-18
2.344558e-01  8.249342e-18
2.472129e-01  7.352692e-18
2.606643e-01  6.553345e-18
2.748475e-01  5.850900e-18
2.898025e-01  5.379704e-18
3.055712e-01  4.910155e-18
3.221979e-01  4.769200e-18
3.397293e-01  4.660996e-18
3.582146e-01  4.773560e-18
3.777057e-01  4.976348e-18
3.982574e-01  5.355582e-18
4.199274e-01  5.848859e-18
4.427764e-01  6.532546e-18
4.668687e-01  7.304816e-18
4.922720e-01  8.340629e-18
5.190574e-01  9.158789e-18
5.473003e-01  1.035222e-17
5.770800e-01  1.139665e-17
6.084800e-01  1.275014e-17
6.415885e-01  1.420200e-17
6.764986e-01  1.551815e-17
7.133082e-01  1.665954e-17
7.521206e-01  1.797336e-17
7.930449e-01  1.923221e-17
8.361960e-01  2.074271e-17
8.816950e-01  2.239736e-17
9.296697e-01  2.422451e-17
9.802548e-01  2.624547e-17
1.033592e+00  2.801072e-17
1.089832e+00  3.037377e-17
1.149132e+00  3.205073e-17
1.211658e+00  3.426940e-17
1.277587e+00  3.649659e-17
1.347103e+00  3.966834e-17
1.420401e+00  4.239834e-17
1.497688e+00  4.611305e-17
1.579180e+00  4.938978e-17
1.665106e+00  5.350592e-17
1.755708e+00  5.786992e-17
1.851239e+00  6.256707e-17
1.951969e+00  6.818987e-17
2.058179e+00  7.329888e-17
2.170169e+00  7.967716e-17
2.288252e+00  8.534278e-17
2.412760e+00  9.124540e-17
2.544043e+00  9.554769e-17
2.682469e+00  9.939731e-17
2.828427e+00  9.741223e-17
2.982327e+00  9.487417e-17
3.144601e+00  9.848296e-17
3.315705e+00  1.033245e-16
3.496119e+00  1.116678e-16
3.686349e+00  1.225376e-16
3.886931e+00  1.328231e-16
4.098426e+00  1.447711e-16
4.321429e+00  1.569128e-16
4.556566e+00  1.695142e-16
4.804498e+00  1.831551e-16
5.065920e+00  1.952667e-16
5.341566e+00  2.037976e-16
5.632211e+00  2.088596e-16
5.938670e+00  2.138384e-16
6.261804e+00  2.155890e-16
6.602521e+00  2.163140e-16
6.961777e+00  2.134822e-16
7.340580e+00  2.089434e-16
7.739995e+00  2.012560e-16
8.161143e+00  1.898440e-16
8.605206e+00  1.741644e-16
9.073432e+00  1.552665e-16
9.567135e+00  1.306003e-16
1.008770e+01  1.026519e-16
1.063659e+01  6.897598e-17
1.121535e+01  4.074459e-17
1.182560e+01  2.377299e-17
1.246905e+01  1.100846e-17
1.314752e+01  2.153071e-18
1.386290e+01  2.602396e-69
1.461720e+01  3.118667e-69
1.541255e+01  3.778135e-69
1.625118e+01  4.473813e-69
1.713544e+01  5.274732e-69
1.806781e+01  6.290439e-69
1.905091e+01  7.361827e-69
2.008751e+01  8.591668e-69
2.118051e+01  1.014295e-68
2.233298e+01  1.177908e-68
2.354816e+01  1.365296e-68
2.482946e+01  1.600687e-68
2.618048e+01  1.848909e-68
2.760501e+01  2.132687e-68
2.910705e+01  2.487987e-68
3.069082e+01  2.862556e-68
3.236077e+01  3.290114e-68
3.412158e+01  3.533518e-68
3.597820e+01  3.725783e-68
