1.000000e-03  3.404142e-20
1.054412e-03  4.933176e-20
1.111784e-03  7.471345e-20
1.172279e-03  1.088633e-19
1.236065e-03  1.651776e-19
1.303321e-03  2.441297e-19
1.374238e-03  3.628064e-19
1.449012e-03  5.679559e-19
1.527856e-03  8.661390e-19
1.610989e-03  1.333007e-18
1.698646e-03  1.682975e-18
1.791073e-03  2.005574e-18
1.888529e-03  2.245249e-18
1.991287e-03  2.586548e-18
2.099637e-03  2.964378e-18
2.213882e-03  3.380392e-18
2.334344e-03  3.944733e-18
2.461360e-03  4.395958e-18
2.595287e-03  5.157719e-18
2.736502e-03  5.736822e-18
2.885400e-03  6.548810e-18
3.042400e-03  7.437075e-18
3.207943e-03  8.298275e-18
3.382493e-03  9.632751e-18
3.566541e-03  1.061556e-17
3.760603e-03  1.212134e-17
3.965225e-03  1.337702e-17
4.180980e-03  1.507375e-17
4.408475e-03  1.689126e-17
4.648349e-03  1.854061e-17
4.901274e-03  2.097629e-17
5.167962e-03  2.275164e-17
5.449160e-03  2.543359e-17
5.745660e-03  2.753057e-17
6.058292e-03  2.997717e-17
6.387935e-03  3.299192e-17
6.735515e-03  3.534006e-17
7.102007e-03  3.877800e-17
7.488441e-03  4.070945e-17
7.895901e-03  4.406849e-17
8.325532e-03  4.638576e-17
8.778540e-03  4.878160e-17
9.256197e-03  5.142958e-17
9.759844e-03  5.320650e-17
1.029090e-02  5.570276e-17
1.085084e-02  5.651226e-17
1.144126e-02  5.777496e-17
1.206380e-02  5.848024e-17
1.272021e-02  5.859081e-17
1.341234e-02  5.849032e-17
1.414214e-02  5.766290e-17
1.491164e-02  5.640045e-17
1.572301e-02  5.486197e-17
1.657853e-02  5.263355e-17
1.748059e-02  5.043263e-17
1.843175e-02  4.763937e-17
1.943465e-02  4.441095e-17
2.049213e-02  4.181207e-17
2.160715e-02  3.786222e-17
2.278283e-02  3.526301e-17
2.402249e-02  3.171648e-17
2.532960e-02  2.883628e-17
2.670783e-02  2.620952e-17
2.816105e-02  2.283460e-17
2.969335e-02  2.071018e-17
3.130902e-02  1.765206e-17
3.301261e-02  1.618608e-17
3.480888e-02  1.395838e-17
3.670290e-02  1.235008e-17
3.869998e-02  1.111430e-17
4.080572e-02  9.583575e-18
4.302603e-02  8.993368e-18
4.536716e-02  7.883664e-18
4.783567e-02  7.608090e-18
5.043850e-02  7.308897e-18
5.318296e-02  7.130379e-18
5.607674e-02  7.239008e-18
5.912799e-02  7.414786e-18
6.234525e-02  7.727418e-18
6.573758e-02  8.254415e-18
6.931448e-02  8.677839e-18
7.308602e-02  9.282848e-18
7.706277e-02  9.888050e-18
8.125590e-02  1.040309e-17
8.567719e-02  1.118238e-17
9.033905e-02  1.157165e-17
9.525456e-02  1.215048e-17
1.004375e-01  1.284536e-17
1.059025e-01  1.322675e-17
1.116649e-01  1.370468e-17
1.177408e-01  1.389004e-17
1.241473e-01  1.413456e-17
1.309024e-01  1.416379e-17
1.380250e-01  1.412808e-17
1.455352e-01  1.394183e-17
1.534541e-01  1.362417e-17
1.618038e-01  1.313919e-17
1.706079e-01  1.254855e-17
1.798910e-01  1.176814e-17
1.896792e-01  1.112575e-17
2.000000e-01  1.020878e-17
2.108824e-01  9.454916e-18
2.223569e-01  8.604564e-18
2.344558e-01  7.730611e-18
2.472129e-01  6.896599e-18
2.606643e-01  6.152022e-18
2.748475e-01  5.492439e-18
2.898025e-01  5.055914e-18
3.055712e-01  4.622096e-18
3.221979e-01  4.488308e-18
3.397293e-01  4.396345e-18
3.582146e-01  4.509256e-18
3.777057e-01  4.694814e-18
3.982574e-01  5.060492e-18
4.199274e-01  5.536833e-18
4.427764e-01  6.188616e-18
4.668687e-01  6.887803e-18
4.922720e-01  7.888616e-18
5.190574e-01  8.678148e-18
5.473003e-01  9.781963e-18
5.770800e-01  1.079598e-17
6.084800e-01  1.207647e-17
6.415885e-01  1.345724e-17
6.764986e-01  1.469986e-17
7.133082e-01  1.575363e-17
7.521206e-01  1.702619e-17
7.930449e-01  1.820469e-17
8.361960e-01  1.966301e-17
8.816950e-01  2.123356e-17
9.296697e-01  2.297569e-17
9.802548e-01  2.486825e-17
1.033592e+00  2.657683e-17
1.089832e+00  2.880629e-17
1.149132e+00  3.035025e-17
1.211658e+00  3.252498e-17
1.277587e+00  3.458803e-17
1.347103e+00  3.767054e-17
1.420401e+00  4.022638e-17
1.497688e+00  4.366750e-17
1.579180e+00  4.689890e-17
1.665106e+00  5.075091e-17
1.755708e+00  5.499898e-17
1.851239e+00  5.939484e-17
1.951969e+00  6.447665e-17
2.058179e+00  6.976325e-17
2.170169e+00  7.545186e-17
2.288252e+00  8.113413e-17
2.412760e+00  8.696050e-17
2.544043e+00  9.083747e-17
2.682469e+00  9.449834e-17
2.828427e+00  9.273991e-17
2.982327e+00  9.027873e-17
3.144601e+00  9.391938e-17
3.315705e+00  9.850796e-17
3.496119e+00  1.063828e-16
3.686349e+00  1.169531e-16
3.886931e+00  1.265159e-16
4.098426e+00  1.385495e-16
4.321429e+00  1.500964e-16
4.556566e+00  1.625388e-16
4.804498e+00  1.757737e-16
5.065920e+00  1.873735e-16
5.341566e+00  1.967132e-16
5.632211e+00  2.017796e-16
5.938670e+00  2.067943e-16
6.261804e+00  2.084404e-16
6.602521e+00  2.090274e-16
6.961777e+00  2.067290e-16
7.340580e+00  2.021501e-16
7.739995e+00  1.948040e-16
8.161143e+00  1.844234e-16
8.605206e+00  1.684164e-16
9.073432e+00  1.503793e-16
9.567135e+00  1.285605e-16
1.008770e+01  9.938332e-17
1.063659e+01  6.730347e-17
1.121535e+01  3.948229e-17
1.182560e+01  2.304687e-17
1.246905e+01  1.068197e-17
1.314752e+01  2.090862e-18
1.386290e+01  2.532415e-69
1.461720e+01  3.091589e-69
1.541255e+01  3.681291e-69
1.625118e+01  4.432308e-69
1.713544e+01  5.224294e-69
1.806781e+01  6.134827e-69
1.905091e+01  7.286838e-69
2.008751e+01  8.501595e-69
2.118051e+01  9.894423e-69
2.233298e+01  1.164794e-68
2.354816e+01  1.349674e-68
2.482946e+01  1.561212e-68
2.618048e+01  1.826510e-68
2.760501e+01  2.106172e-68
2.910705e+01  2.425614e-68
3.069082e+01  2.824999e-68
3.236077e+01  3.245883e-68
3.412158e+01  3.485768e-68
3.597820e+01  3.675435e-68
