1.000000e-03  2.994050e-20
1.054412e-03  4.490797e-20
1.111784e-03  6.527540e-20
1.172279e-03  9.814353e-20
1.236065e-03  1.434383e-19
1.303321e-03  2.096860e-19
1.374238e-03  3.194836e-19
1.449012e-03  4.772392e-19
1.527856e-03  7.473955e-19
1.610989e-03  1.148576e-18
1.698646e-03  1.449023e-18
1.791073e-03  1.718811e-18
1.888529e-03  1.929333e-18
1.991287e-03  2.228912e-18
2.099637e-03  2.553600e-18
2.213882e-03  2.915446e-18
2.334344e-03  3.393534e-18
2.461360e-03  3.787292e-18
2.595287e-03  4.444125e-18
2.736502e-03  4.895701e-18
2.885400e-03  5.617057e-18
3.042400e-03  6.381442e-18
3.207943e-03  7.137158e-18
3.382493e-03  8.242974e-18
3.566541e-03  9.110653e-18
3.760603e-03  1.042673e-17
3.965225e-03  1.150530e-17
4.180980e-03  1.298238e-17
4.408475e-03  1.450655e-17
4.648349e-03  1.594453e-17
4.901274e-03  1.804640e-17
5.167962e-03  1.939981e-17
5.449160e-03  2.178285e-17
5.745660e-03  2.359564e-17
6.058292e-03  2.574300e-17
6.387935e-03  2.820034e-17
6.735515e-03  3.028528e-17
7.102007e-03  3.326921e-17
7.488441e-03  3.493821e-17
7.895901e-03  3.783593e-17
8.325532e-03  3.975461e-17
8.778540e-03  4.183996e-17
9.256197e-03  4.410141e-17
9.759844e-03  4.561862e-17
1.029090e-02  4.766777e-17
1.085084e-02  4.840454e-17
1.144126e-02  4.950042e-17
1.206380e-02  5.003513e-17
1.272021e-02  5.016615e-17
1.341234e-02  5.006815e-17
1.414214e-02  4.934737e-17
1.491164e-02  4.823582e-17
1.572301e-02  4.695545e-17
1.657853e-02  4.500024e-17
1.748059e-02  4.310033e-17
1.843175e-02  4.068825e-17
1.943465e-02  3.809216e-17
2.049213e-02  3.581523e-17
2.160715e-02  3.236702e-17
2.278283e-02  3.033598e-17
2.402249e-02  2.716051e-17
2.532960e-02  2.465537e-17
2.670783e-02  2.238279e-17
2.816105e-02  1.948414e-17
2.969335e-02  1.772316e-17
3.130902e-02  1.507355e-17
3.301261e-02  1.381482e-17
3.480888e-02  1.189775e-17
3.670290e-02  1.054393e-17
3.869998e-02  9.525131e-18
4.080572e-02  8.194859e-18
4.302603e-02  7.687521e-18
4.536716e-02  6.763496e-18
4.783567e-02  6.516187e-18
5.043850e-02  6.257433e-18
5.318296e-02  6.113227e-18
5.607674e-02  6.202778e-18
5.912799e-02  6.359815e-18
6.234525e-02  6.632032e-18
6.573758e-02  7.089663e-18
6.931448e-02  7.450817e-18
7.308602e-02  7.951262e-18
7.706277e-02  8.476638e-18
8.125590e-02  8.930090e-18
8.567719e-02  9.579873e-18
9.033905e-02  9.927983e-18
9.525456e-02  1.042034e-17
1.004375e-01  1.098590e-17
1.059025e-01  1.133803e-17
1.116649e-01  1.173948e-17
1.177408e-01  1.189975e-17
1.241473e-01  1.210642e-17
1.309024e-01  1.213074e-17
1.380250e-01  1.209158e-17
1.455352e-01  1.194252e-17
1.534541e-01  1.165736e-17
1.618038e-01  1.124078e-17
1.706079e-01  1.074285e-17
1.798910e-01  1.006848e-17
1.896792e-01  9.516123e-18
2.000000e-01  8.719810e-18
2.108824e-01  8.124020e-18
2.223569e-01  7.351430e-18
2.344558e-01  6.633966e-18
2.472129e-01  5.901541e-18
2.606643e-01  5.271771e-18
2.748475e-01  4.721519e-18
2.898025e-01  4.347769e-18
3.055712e-01  4.002856e-18
3.221979e-01  3.882616e-18
3.397293e-01  3.803757e-18
3.582146e-01  3.917572e-18
3.777057e-01  4.081040e-18
3.982574e-01  4.401443e-18
4.199274e-01  4.829909e-18
4.427764e-01  5.375023e-18
4.668687e-01  6.031849e-18
4.922720e-01  6.886649e-18
5.190574e-01  7.578156e-18
5.473003e-01  8.553342e-18
5.770800e-01  9.389115e-18
6.084800e-01  1.056795e-17
6.415885e-01  1.163000e-17
6.764986e-01  1.286588e-17
7.133082e-01  1.375927e-17
7.521206e-01  1.491187e-17
7.930449e-01  1.593975e-17
8.361960e-01  1.720753e-17
8.816950e-01  1.861918e-17
9.296697e-01  1.998067e-17
9.802548e-01  2.182359e-17
1.033592e+00  2.325122e-17
1.089832e+00  2.527908e-17
1.149132e+00  2.660921e-17
1.211658e+00  2.849330e-17
1.277587e+00  3.041330e-17
1.347103e+00  3.291891e-17
1.420401e+00  3.541836e-17
1.497688e+00  3.831018e-17
1.579180e+00  4.132559e-17
1.665106e+00  4.464964e-17
1.755708e+00  4.836217e-17
1.851239e+00  5.239444e-17
1.951969e+00  5.655366e-17
2.058179e+00  6.158466e-17
2.170169e+00  6.654098e-17
2.288252e+00  7.161641e-17
2.412760e+00  7.678563e-17
2.544043e+00  8.018892e-17
2.682469e+00  8.356398e-17
2.828427e+00  8.254065e-17
2.982327e+00  8.017031e-17
3.144601e+00  8.304106e-17
3.315705e+00  8.764521e-17
3.496119e+00  9.460957e-17
3.686349e+00  1.036819e-16
3.886931e+00  1.127166e-16
4.098426e+00  1.226336e-16
4.321429e+00  1.343155e-16
4.556566e+00  1.452216e-16
4.804498e+00  1.583874e-16
5.065920e+00  1.690485e-16
5.341566e+00  1.790290e-16
5.632211e+00  1.850180e-16
5.938670e+00  1.894781e-16
6.261804e+00  1.913514e-16
6.602521e+00  1.920641e-16
6.961777e+00  1.900331e-16
7.340580e+00  1.861143e-16
7.739995e+00  1.796727e-16
8.161143e+00  1.696404e-16
8.605206e+00  1.568534e-16
9.073432e+00  1.382295e-16
9.567135e+00  1.190800e-16
1.008770e+01  9.163391e-17
1.063659e+01  6.209426e-17
1.121535e+01  3.707985e-17
1.182560e+01  2.131146e-17
1.246905e+01  1.091818e-17
1.314752e+01  1.940982e-18
1.386290e+01  2.433780e-69
1.461720e+01  2.919568e-69
1.541255e+01  3.539627e-69
1.625118e+01  4.193017e-69
1.713544e+01  5.022555e-69
1.806781e+01  5.896665e-69
1.905091e+01  7.001607e-69
2.008751e+01  8.165875e-69
2.118051e+01  9.499771e-69
2.233298e+01  1.117743e-68
2.354816e+01  1.294500e-68
2.482946e+01  1.516196e-68
2.618048e+01  1.749750e-68
2.760501e+01  2.041993e-68
2.910705e+01  2.349826e-68
3.069082e+01  2.734221e-68
3.236077e+01  3.139046e-68
3.412158e+01  3.370448e-68
3.597820e+01  3.553840e-68
