1.000000e-03  2.879034e-20
1.054412e-03  4.181868e-20
1.111784e-03  6.252107e-20
1.172279e-03  9.091440e-20
1.236065e-03  1.366802e-19
1.303321e-03  2.004208e-19
1.374238e-03  3.057844e-19
1.449012e-03  4.556202e-19
1.527856e-03  7.100782e-19
1.610989e-03  1.086257e-18
1.698646e-03  1.367514e-18
1.791073e-03  1.622047e-18
1.888529e-03  1.818283e-18
1.991287e-03  2.102011e-18
2.099637e-03  2.401136e-18
2.213882e-03  2.746324e-18
2.334344e-03  3.197896e-18
2.461360e-03  3.558167e-18
2.595287e-03  4.185002e-18
2.736502e-03  4.623241e-18
2.885400e-03  5.303196e-18
3.042400e-03  6.022823e-18
3.207943e-03  6.738881e-18
3.382493e-03  7.774504e-18
3.566541e-03  8.597770e-18
3.760603e-03  9.827039e-18
3.965225e-03  1.085075e-17
4.180980e-03  1.222044e-17
4.408475e-03  1.366732e-17
4.648349e-03  1.497776e-17
4.901274e-03  1.697568e-17
5.167962e-03  1.829797e-17
5.449160e-03  2.053664e-17
5.745660e-03  2.224474e-17
6.058292e-03  2.426518e-17
6.387935e-03  2.657129e-17
6.735515e-03  2.854169e-17
7.102007e-03  3.132694e-17
7.488441e-03  3.291158e-17
7.895901e-03  3.560129e-17
8.325532e-03  3.742609e-17
8.778540e-03  3.931948e-17
9.256197e-03  4.148635e-17
9.759844e-03  4.275139e-17
1.029090e-02  4.485042e-17
1.085084e-02  4.554464e-17
1.144126e-02  4.656252e-17
1.206380e-02  4.706331e-17
1.272021e-02  4.717548e-17
1.341234e-02  4.708701e-17
1.414214e-02  4.639519e-17
1.491164e-02  4.537367e-17
1.572301e-02  4.414670e-17
1.657853e-02  4.237926e-17
1.748059e-02  4.055085e-17
1.843175e-02  3.825507e-17
1.943465e-02  3.577264e-17
2.049213e-02  3.362300e-17
2.160715e-02  3.039159e-17
2.278283e-02  2.847338e-17
2.402249e-02  2.549881e-17
2.532960e-02  2.314069e-17
2.670783e-02  2.100566e-17
2.816105e-02  1.828923e-17
2.969335e-02  1.664215e-17
3.130902e-02  1.415344e-17
3.301261e-02  1.299707e-17
3.480888e-02  1.117989e-17
3.670290e-02  9.980599e-18
3.869998e-02  8.939324e-18
4.080572e-02  7.697238e-18
4.302603e-02  7.220308e-18
4.536716e-02  6.357782e-18
4.783567e-02  6.126688e-18
5.043850e-02  5.885244e-18
5.318296e-02  5.752893e-18
5.607674e-02  5.835338e-18
5.912799e-02  5.985803e-18
6.234525e-02  6.235069e-18
6.573758e-02  6.667468e-18
6.931448e-02  6.986217e-18
7.308602e-02  7.484144e-18
7.706277e-02  7.984338e-18
8.125590e-02  8.398144e-18
8.567719e-02  9.020071e-18
9.033905e-02  9.316224e-18
9.525456e-02  9.811381e-18
1.004375e-01  1.034052e-17
1.059025e-01  1.067110e-17
1.116649e-01  1.104605e-17
1.177408e-01  1.119416e-17
1.241473e-01  1.138895e-17
1.309024e-01  1.140361e-17
1.380250e-01  1.137169e-17
1.455352e-01  1.122546e-17
1.534541e-01  1.095751e-17
1.618038e-01  1.056304e-17
1.706079e-01  1.009661e-17
1.798910e-01  9.459457e-18
1.896792e-01  8.943846e-18
2.000000e-01  8.192717e-18
2.108824e-01  7.629814e-18
2.223569e-01  6.910100e-18
2.344558e-01  6.232747e-18
2.472129e-01  5.558064e-18
2.606643e-01  4.959876e-18
2.748475e-01  4.443941e-18
2.898025e-01  4.093822e-18
3.055712e-01  3.775714e-18
3.221979e-01  3.661510e-18
3.397293e-01  3.596221e-18
3.582146e-01  3.696166e-18
3.777057e-01  3.864833e-18
3.982574e-01  4.158184e-18
4.199274e-01  4.575521e-18
4.427764e-01  5.088460e-18
4.668687e-01  5.709688e-18
4.922720e-01  6.505607e-18
5.190574e-01  7.174166e-18
5.473003e-01  8.116190e-18
5.770800e-01  8.878995e-18
6.084800e-01  1.002247e-17
6.415885e-01  1.104161e-17
6.764986e-01  1.220053e-17
7.133082e-01  1.305958e-17
7.521206e-01  1.413158e-17
7.930449e-01  1.512999e-17
8.361960e-01  1.630378e-17
8.816950e-01  1.767029e-17
9.296697e-01  1.898149e-17
9.802548e-01  2.069929e-17
1.033592e+00  2.209021e-17
1.089832e+00  2.396296e-17
1.149132e+00  2.528163e-17
1.211658e+00  2.700654e-17
1.277587e+00  2.889513e-17
1.347103e+00  3.130895e-17
1.420401e+00  3.363761e-17
1.497688e+00  3.644660e-17
1.579180e+00  3.922330e-17
1.665106e+00  4.250605e-17
1.755708e+00  4.590104e-17
1.851239e+00  4.989927e-17
1.951969e+00  5.385019e-17
2.058179e+00  5.868062e-17
2.170169e+00  6.335900e-17
2.288252e+00  6.830763e-17
2.412760e+00  7.309793e-17
2.544043e+00  7.660280e-17
2.682469e+00  7.952874e-17
2.828427e+00  7.868408e-17
2.982327e+00  7.633632e-17
3.144601e+00  7.928242e-17
3.315705e+00  8.338981e-17
3.496119e+00  9.036864e-17
3.686349e+00  9.875163e-17
3.886931e+00  1.076159e-16
4.098426e+00  1.172785e-16
4.321429e+00  1.281229e-16
4.556566e+00  1.391083e-16
4.804498e+00  1.513800e-16
5.065920e+00  1.623578e-16
5.341566e+00  1.718568e-16
5.632211e+00  1.787826e-16
5.938670e+00  1.830953e-16
6.261804e+00  1.850931e-16
6.602521e+00  1.856512e-16
6.961777e+00  1.837990e-16
7.340580e+00  1.800046e-16
7.739995e+00  1.738608e-16
8.161143e+00  1.642609e-16
8.605206e+00  1.516298e-16
9.073432e+00  1.342209e-16
9.567135e+00  1.151621e-16
1.008770e+01  8.969263e-17
1.063659e+01  6.010386e-17
1.121535e+01  3.714841e-17
1.182560e+01  2.064245e-17
1.246905e+01  1.057623e-17
1.314752e+01  1.883167e-18
1.386290e+01  2.368398e-69
1.461720e+01  2.894843e-69
1.541255e+01  3.449417e-69
1.625118e+01  4.155103e-69
1.713544e+01  4.898490e-69
1.806781e+01  5.839850e-69
1.905091e+01  6.831480e-69
2.008751e+01  8.082202e-69
2.118051e+01  9.399664e-69
2.233298e+01  1.105587e-68
2.354816e+01  1.280036e-68
2.482946e+01  1.498731e-68
2.618048e+01  1.729061e-68
2.760501e+01  2.017131e-68
2.910705e+01  2.320487e-68
3.069082e+01  2.699107e-68
3.236077e+01  3.097747e-68
3.412158e+01  3.325876e-68
3.597820e+01  3.506843e-68
