1.000000e-03  2.594234e-20
1.054412e-03  3.882725e-20
1.111784e-03  5.627473e-20
1.172279e-03  8.359776e-20
1.236065e-03  1.215863e-19
1.303321e-03  1.825588e-19
1.374238e-03  2.681098e-19
1.449012e-03  4.111605e-19
1.527856e-03  6.387579e-19
1.610989e-03  9.691598e-19
1.698646e-03  1.215374e-18
1.791073e-03  1.440445e-18
1.888529e-03  1.621165e-18
1.991287e-03  1.865000e-18
2.099637e-03  2.138515e-18
2.213882e-03  2.447352e-18
2.334344e-03  2.831312e-18
2.461360e-03  3.167901e-18
2.595287e-03  3.676396e-18
2.736502e-03  4.104588e-18
2.885400e-03  4.710658e-18
3.042400e-03  5.356233e-18
3.207943e-03  5.975286e-18
3.382493e-03  6.898083e-18
3.566541e-03  7.642633e-18
3.760603e-03  8.701792e-18
3.965225e-03  9.620254e-18
4.180980e-03  1.087025e-17
4.408475e-03  1.208446e-17
4.648349e-03  1.331274e-17
4.901274e-03  1.507936e-17
5.167962e-03  1.627319e-17
5.449160e-03  1.822117e-17
5.745660e-03  1.975456e-17
6.058292e-03  2.156346e-17
6.387935e-03  2.354802e-17
6.735515e-03  2.532669e-17
7.102007e-03  2.770145e-17
7.488441e-03  2.914834e-17
7.895901e-03  3.156995e-17
8.325532e-03  3.306244e-17
8.778540e-03  3.485787e-17
9.256197e-03  3.676228e-17
9.759844e-03  3.788826e-17
1.029090e-02  3.970598e-17
1.085084e-02  4.033031e-17
1.144126e-02  4.121216e-17
1.206380e-02  4.164020e-17
1.272021e-02  4.174256e-17
1.341234e-02  4.162690e-17
1.414214e-02  4.103246e-17
1.491164e-02  4.009400e-17
1.572301e-02  3.907479e-17
1.657853e-02  3.744929e-17
1.748059e-02  3.580872e-17
1.843175e-02  3.394330e-17
1.943465e-02  3.160261e-17
2.049213e-02  2.966837e-17
2.160715e-02  2.681164e-17
2.278283e-02  2.514988e-17
2.402249e-02  2.250989e-17
2.532960e-02  2.040043e-17
2.670783e-02  1.855689e-17
2.816105e-02  1.614986e-17
2.969335e-02  1.464978e-17
3.130902e-02  1.254334e-17
3.301261e-02  1.144926e-17
3.480888e-02  1.003887e-17
3.670290e-02  8.810129e-18
3.869998e-02  7.877156e-18
4.080572e-02  6.791257e-18
4.302603e-02  6.378724e-18
4.536716e-02  5.619590e-18
4.783567e-02  5.414068e-18
5.043850e-02  5.209443e-18
5.318296e-02  5.090879e-18
5.607674e-02  5.172038e-18
5.912799e-02  5.299650e-18
6.234525e-02  5.529464e-18
6.573758e-02  5.917093e-18
6.931448e-02  6.199567e-18
7.308602e-02  6.641653e-18
7.706277e-02  7.081879e-18
8.125590e-02  7.452251e-18
8.567719e-02  7.989990e-18
9.033905e-02  8.260057e-18
9.525456e-02  8.697049e-18
1.004375e-01  9.157616e-18
1.059025e-01  9.451695e-18
1.116649e-01  9.769524e-18
1.177408e-01  9.907816e-18
1.241473e-01  1.008040e-17
1.309024e-01  1.008765e-17
1.380250e-01  1.005864e-17
1.455352e-01  9.924799e-18
1.534541e-01  9.691185e-18
1.618038e-01  9.338678e-18
1.706079e-01  8.918418e-18
1.798910e-01  8.354756e-18
1.896792e-01  7.903543e-18
2.000000e-01  7.243425e-18
2.108824e-01  6.758038e-18
2.223569e-01  6.111808e-18
2.344558e-01  5.499928e-18
2.472129e-01  4.951816e-18
2.606643e-01  4.386346e-18
2.748475e-01  3.957455e-18
2.898025e-01  3.628834e-18
3.055712e-01  3.356272e-18
3.221979e-01  3.260874e-18
3.397293e-01  3.210326e-18
3.582146e-01  3.304924e-18
3.777057e-01  3.458888e-18
3.982574e-01  3.734971e-18
4.199274e-01  4.114229e-18
4.427764e-01  4.574302e-18
4.668687e-01  5.136692e-18
4.922720e-01  5.837542e-18
5.190574e-01  6.456098e-18
5.473003e-01  7.300697e-18
5.770800e-01  7.981778e-18
6.084800e-01  9.003488e-18
6.415885e-01  9.936058e-18
6.764986e-01  1.095547e-17
7.133082e-01  1.174994e-17
7.521206e-01  1.270170e-17
7.930449e-01  1.362147e-17
8.361960e-01  1.463257e-17
8.816950e-01  1.589215e-17
9.296697e-01  1.710209e-17
9.802548e-01  1.864770e-17
1.033592e+00  1.991144e-17
1.089832e+00  2.157835e-17
1.149132e+00  2.277539e-17
1.211658e+00  2.437228e-17
1.277587e+00  2.605616e-17
1.347103e+00  2.827425e-17
1.420401e+00  3.030236e-17
1.497688e+00  3.290632e-17
1.579180e+00  3.538643e-17
1.665106e+00  3.839431e-17
1.755708e+00  4.156287e-17
1.851239e+00  4.509485e-17
1.951969e+00  4.882509e-17
2.058179e+00  5.292724e-17
2.170169e+00  5.746187e-17
2.288252e+00  6.170325e-17
2.412760e+00  6.623908e-17
2.544043e+00  6.903802e-17
2.682469e+00  7.209014e-17
2.828427e+00  7.136107e-17
2.982327e+00  6.933172e-17
3.144601e+00  7.212949e-17
3.315705e+00  7.577998e-17
3.496119e+00  8.224110e-17
3.686349e+00  9.007196e-17
3.886931e+00  9.801784e-17
4.098426e+00  1.070014e-16
4.321429e+00  1.169278e-16
4.556566e+00  1.271090e-16
4.804498e+00  1.383706e-16
5.065920e+00  1.489109e-16
5.341566e+00  1.590568e-16
5.632211e+00  1.664354e-16
5.938670e+00  1.708760e-16
6.261804e+00  1.726483e-16
6.602521e+00  1.734161e-16
6.961777e+00  1.716976e-16
7.340580e+00  1.683518e-16
7.739995e+00  1.623186e-16
8.161143e+00  1.540958e-16
8.605206e+00  1.418922e-16
9.073432e+00  1.266174e-16
9.567135e+00  1.077813e-16
1.008770e+01  8.381805e-17
1.063659e+01  5.619984e-17
1.121535e+01  3.477392e-17
1.182560e+01  1.934537e-17
1.246905e+01  9.908078e-18
1.314752e+01  1.771002e-18
1.386290e+01  2.286060e-69
1.461720e+01  2.745898e-69
1.541255e+01  3.332558e-69
1.625118e+01  4.015163e-69
1.713544e+01  4.733805e-69
1.806781e+01  5.643293e-69
1.905091e+01  6.600792e-69
2.008751e+01  7.807664e-69
2.118051e+01  9.078217e-69
2.233298e+01  1.067430e-68
2.354816e+01  1.251823e-68
2.482946e+01  1.445930e-68
2.618048e+01  1.688760e-68
2.760501e+01  1.944358e-68
2.910705e+01  2.263404e-68
3.069082e+01  2.630833e-68
3.236077e+01  3.017493e-68
3.412158e+01  3.239273e-68
3.597820e+01  3.415528e-68
