1.000000e-03  1.866108e-20
1.054412e-03  2.775637e-20
1.111784e-03  4.120156e-20
1.172279e-03  6.088271e-20
1.236065e-03  9.034814e-20
1.303321e-03  1.346175e-19
1.374238e-03  2.003396e-19
1.449012e-03  2.908350e-19
1.527856e-03  4.429337e-19
1.610989e-03  6.850563e-19
1.698646e-03  8.560332e-19
1.791073e-03  1.010627e-18
1.888529e-03  1.133395e-18
1.991287e-03  1.315603e-18
2.099637e-03  1.498880e-18
2.213882e-03  1.703860e-18
2.334344e-03  1.989488e-18
2.461360e-03  2.230965e-18
2.595287e-03  2.580200e-18
2.736502e-03  2.890983e-18
2.885400e-03  3.311432e-18
3.042400e-03  3.747641e-18
3.207943e-03  4.215413e-18
3.382493e-03  4.833221e-18
3.566541e-03  5.329157e-18
3.760603e-03  6.115367e-18
3.965225e-03  6.769177e-18
4.180980e-03  7.556567e-18
4.408475e-03  8.474411e-18
4.648349e-03  9.346272e-18
4.901274e-03  1.054020e-17
5.167962e-03  1.141633e-17
5.449160e-03  1.274877e-17
5.745660e-03  1.377664e-17
6.058292e-03  1.508794e-17
6.387935e-03  1.651405e-17
6.735515e-03  1.761985e-17
7.102007e-03  1.937313e-17
7.488441e-03  2.040150e-17
7.895901e-03  2.203876e-17
8.325532e-03  2.311589e-17
8.778540e-03  2.434679e-17
9.256197e-03  2.560474e-17
9.759844e-03  2.643817e-17
1.029090e-02  2.768949e-17
1.085084e-02  2.804805e-17
1.144126e-02  2.869964e-17
1.206380e-02  2.899392e-17
1.272021e-02  2.904549e-17
1.341234e-02  2.894820e-17
1.414214e-02  2.852430e-17
1.491164e-02  2.787275e-17
1.572301e-02  2.712351e-17
1.657853e-02  2.595000e-17
1.748059e-02  2.488228e-17
1.843175e-02  2.354393e-17
1.943465e-02  2.187658e-17
2.049213e-02  2.052949e-17
2.160715e-02  1.860867e-17
2.278283e-02  1.738935e-17
2.402249e-02  1.558882e-17
2.532960e-02  1.418647e-17
2.670783e-02  1.278699e-17
2.816105e-02  1.121271e-17
2.969335e-02  1.023517e-17
3.130902e-02  8.665840e-18
3.301261e-02  7.897786e-18
3.480888e-02  6.940559e-18
3.670290e-02  6.082099e-18
3.869998e-02  5.443219e-18
4.080572e-02  4.725641e-18
4.302603e-02  4.409566e-18
4.536716e-02  3.910426e-18
4.783567e-02  3.778907e-18
5.043850e-02  3.622433e-18
5.318296e-02  3.551940e-18
5.607674e-02  3.609383e-18
5.912799e-02  3.701554e-18
6.234525e-02  3.868561e-18
6.573758e-02  4.131056e-18
6.931448e-02  4.333098e-18
7.308602e-02  4.640664e-18
7.706277e-02  4.932861e-18
8.125590e-02  5.209640e-18
8.567719e-02  5.572666e-18
9.033905e-02  5.765007e-18
9.525456e-02  6.070504e-18
1.004375e-01  6.392627e-18
1.059025e-01  6.593582e-18
1.116649e-01  6.810285e-18
1.177408e-01  6.902465e-18
1.241473e-01  7.017009e-18
1.309024e-01  7.015673e-18
1.380250e-01  6.994908e-18
1.455352e-01  6.903469e-18
1.534541e-01  6.734946e-18
1.618038e-01  6.490191e-18
1.706079e-01  6.209006e-18
1.798910e-01  5.812514e-18
1.896792e-01  5.480550e-18
2.000000e-01  5.031738e-18
2.108824e-01  4.685369e-18
2.223569e-01  4.247720e-18
2.344558e-01  3.828915e-18
2.472129e-01  3.436718e-18
2.606643e-01  3.055734e-18
2.748475e-01  2.765416e-18
2.898025e-01  2.543445e-18
3.055712e-01  2.362518e-18
3.221979e-01  2.302855e-18
3.397293e-01  2.280008e-18
3.582146e-01  2.355242e-18
3.777057e-01  2.475011e-18
3.982574e-01  2.679586e-18
4.199274e-01  2.952558e-18
4.427764e-01  3.302245e-18
4.668687e-01  3.675322e-18
4.922720e-01  4.224667e-18
5.190574e-01  4.667498e-18
5.473003e-01  5.259722e-18
5.770800e-01  5.765369e-18
6.084800e-01  6.500491e-18
6.415885e-01  7.189200e-18
6.764986e-01  7.903552e-18
7.133082e-01  8.492128e-18
7.521206e-01  9.171130e-18
7.930449e-01  9.841323e-18
8.361960e-01  1.059662e-17
8.816950e-01  1.150500e-17
9.296697e-01  1.240370e-17
9.802548e-01  1.351021e-17
1.033592e+00  1.445782e-17
1.089832e+00  1.568509e-17
1.149132e+00  1.655869e-17
1.211658e+00  1.775811e-17
1.277587e+00  1.898193e-17
1.347103e+00  2.062946e-17
1.420401e+00  2.216021e-17
1.497688e+00  2.407328e-17
1.579180e+00  2.582474e-17
1.665106e+00  2.814572e-17
1.755708e+00  3.038898e-17
1.851239e+00  3.301226e-17
1.951969e+00  3.582381e-17
2.058179e+00  3.892209e-17
2.170169e+00  4.224282e-17
2.288252e+00  4.527654e-17
2.412760e+00  4.891609e-17
2.544043e+00  5.116569e-17
2.682469e+00  5.356710e-17
2.828427e+00  5.292542e-17
2.982327e+00  5.167080e-17
3.144601e+00  5.377188e-17
3.315705e+00  5.674274e-17
3.496119e+00  6.158408e-17
3.686349e+00  6.756497e-17
3.886931e+00  7.356304e-17
4.098426e+00  8.041902e-17
4.321429e+00  8.776903e-17
4.556566e+00  9.560652e-17
4.804498e+00  1.044174e-16
5.065920e+00  1.125807e-16
5.341566e+00  1.213205e-16
5.632211e+00  1.301577e-16
5.938670e+00  1.364129e-16
6.261804e+00  1.381522e-16
6.602521e+00  1.390846e-16
6.961777e+00  1.378251e-16
7.340580e+00  1.355057e-16
7.739995e+00  1.310983e-16
8.161143e+00  1.246067e-16
8.605206e+00  1.148789e-16
9.073432e+00  1.032231e-16
9.567135e+00  8.886099e-17
1.008770e+01  7.027462e-17
1.063659e+01  4.665221e-17
1.121535e+01  2.854239e-17
1.182560e+01  1.623220e-17
1.246905e+01  8.060027e-18
1.314752e+01  1.441579e-18
1.386290e+01  1.970167e-69
1.461720e+01  2.420616e-69
1.541255e+01  2.944700e-69
1.625118e+01  3.553450e-69
1.713544e+01  4.259494e-69
1.806781e+01  5.077295e-69
1.905091e+01  5.936689e-69
2.008751e+01  7.017650e-69
2.118051e+01  8.265762e-69
2.233298e+01  9.705556e-69
2.354816e+01  1.136509e-68
2.482946e+01  1.327642e-68
2.618048e+01  1.547619e-68
2.760501e+01  1.778779e-68
2.910705e+01  2.066486e-68
3.069082e+01  2.397017e-68
3.236077e+01  2.776536e-68
3.412158e+01  2.979338e-68
3.597820e+01  3.141449e-68
