1.000000e-03  1.638154e-20
1.054412e-03  2.426123e-20
1.111784e-03  3.581746e-20
1.172279e-03  5.280189e-20
1.236065e-03  7.781812e-20
1.303321e-03  1.150302e-19
1.374238e-03  1.707243e-19
1.449012e-03  2.549612e-19
1.527856e-03  3.848054e-19
1.610989e-03  5.877072e-19
1.698646e-03  7.342051e-19
1.791073e-03  8.655116e-19
1.888529e-03  9.704195e-19
1.991287e-03  1.120706e-18
2.099637e-03  1.281002e-18
2.213882e-03  1.455786e-18
2.334344e-03  1.694989e-18
2.461360e-03  1.895929e-18
2.595287e-03  2.205517e-18
2.736502e-03  2.475813e-18
2.885400e-03  2.833006e-18
3.042400e-03  3.201823e-18
3.207943e-03  3.593709e-18
3.382493e-03  4.128646e-18
3.566541e-03  4.554900e-18
3.760603e-03  5.212907e-18
3.965225e-03  5.756843e-18
4.180980e-03  6.458864e-18
4.408475e-03  7.250059e-18
4.648349e-03  7.992439e-18
4.901274e-03  8.998501e-18
5.167962e-03  9.738775e-18
5.449160e-03  1.088561e-17
5.745660e-03  1.176292e-17
6.058292e-03  1.285972e-17
6.387935e-03  1.404679e-17
6.735515e-03  1.504884e-17
7.102007e-03  1.653931e-17
7.488441e-03  1.742004e-17
7.895901e-03  1.879282e-17
8.325532e-03  1.969975e-17
8.778540e-03  2.075596e-17
9.256197e-03  2.181684e-17
9.759844e-03  2.251491e-17
1.029090e-02  2.354984e-17
1.085084e-02  2.388983e-17
1.144126e-02  2.441827e-17
1.206380e-02  2.465100e-17
1.272021e-02  2.467668e-17
1.341234e-02  2.462710e-17
1.414214e-02  2.425292e-17
1.491164e-02  2.369446e-17
1.572301e-02  2.306117e-17
1.657853e-02  2.208591e-17
1.748059e-02  2.114345e-17
1.843175e-02  2.001025e-17
1.943465e-02  1.862079e-17
2.049213e-02  1.751627e-17
2.160715e-02  1.579522e-17
2.278283e-02  1.473387e-17
2.402249e-02  1.321744e-17
2.532960e-02  1.203718e-17
2.670783e-02  1.087332e-17
2.816105e-02  9.510766e-18
2.969335e-02  8.679256e-18
3.130902e-02  7.377820e-18
3.301261e-02  6.747056e-18
3.480888e-02  5.879301e-18
3.670290e-02  5.149323e-18
3.869998e-02  4.613485e-18
4.080572e-02  4.010905e-18
4.302603e-02  3.744504e-18
4.536716e-02  3.323320e-18
4.783567e-02  3.213302e-18
5.043850e-02  3.084221e-18
5.318296e-02  3.027632e-18
5.607674e-02  3.078949e-18
5.912799e-02  3.159234e-18
6.234525e-02  3.302200e-18
6.573758e-02  3.522966e-18
6.931448e-02  3.700385e-18
7.308602e-02  3.961890e-18
7.706277e-02  4.210239e-18
8.125590e-02  4.443998e-18
8.567719e-02  4.752972e-18
9.033905e-02  4.918755e-18
9.525456e-02  5.176121e-18
1.004375e-01  5.446193e-18
1.059025e-01  5.595097e-18
1.116649e-01  5.796877e-18
1.177408e-01  5.874596e-18
1.241473e-01  5.968515e-18
1.309024e-01  5.969622e-18
1.380250e-01  5.951434e-18
1.455352e-01  5.869041e-18
1.534541e-01  5.726359e-18
1.618038e-01  5.512477e-18
1.706079e-01  5.271172e-18
1.798910e-01  4.932419e-18
1.896792e-01  4.650074e-18
2.000000e-01  4.269790e-18
2.108824e-01  3.973787e-18
2.223569e-01  3.599901e-18
2.344558e-01  3.245402e-18
2.472129e-01  2.914578e-18
2.606643e-01  2.596800e-18
2.748475e-01  2.350585e-18
2.898025e-01  2.166541e-18
3.055712e-01  2.016549e-18
3.221979e-01  1.970168e-18
3.397293e-01  1.953154e-18
3.582146e-01  2.017813e-18
3.777057e-01  2.122876e-18
3.982574e-01  2.296252e-18
4.199274e-01  2.530490e-18
4.427764e-01  2.835875e-18
4.668687e-01  3.164673e-18
4.922720e-01  3.628937e-18
5.190574e-01  3.999906e-18
5.473003e-01  4.533040e-18
5.770800e-01  4.980037e-18
6.084800e-01  5.606787e-18
6.415885e-01  6.207476e-18
6.764986e-01  6.827778e-18
7.133082e-01  7.340062e-18
7.521206e-01  7.923887e-18
7.930449e-01  8.509966e-18
8.361960e-01  9.171102e-18
8.816950e-01  9.958707e-18
9.296697e-01  1.073980e-17
9.802548e-01  1.169354e-17
1.033592e+00  1.251919e-17
1.089832e+00  1.358194e-17
1.149132e+00  1.434275e-17
1.211658e+00  1.537783e-17
1.277587e+00  1.639463e-17
1.347103e+00  1.779382e-17
1.420401e+00  1.907151e-17
1.497688e+00  2.078004e-17
1.579180e+00  2.234050e-17
1.665106e+00  2.430490e-17
1.755708e+00  2.629612e-17
1.851239e+00  2.862538e-17
1.951969e+00  3.112319e-17
2.058179e+00  3.378542e-17
2.170169e+00  3.676345e-17
2.288252e+00  3.950593e-17
2.412760e+00  4.262394e-17
2.544043e+00  4.459596e-17
2.682469e+00  4.668817e-17
2.828427e+00  4.622695e-17
2.982327e+00  4.527741e-17
3.144601e+00  4.715683e-17
3.315705e+00  4.984307e-17
3.496119e+00  5.413636e-17
3.686349e+00  5.941911e-17
3.886931e+00  6.466436e-17
4.098426e+00  7.072357e-17
4.321429e+00  7.707366e-17
4.556566e+00  8.389847e-17
4.804498e+00  9.149008e-17
5.065920e+00  9.846722e-17
5.341566e+00  1.063145e-16
5.632211e+00  1.141208e-16
5.938670e+00  1.217521e-16
6.261804e+00  1.244085e-16
6.602521e+00  1.253470e-16
6.961777e+00  1.242875e-16
7.340580e+00  1.223730e-16
7.739995e+00  1.184714e-16
8.161143e+00  1.127632e-16
8.605206e+00  1.042883e-16
9.073432e+00  9.329263e-17
9.567135e+00  8.020247e-17
1.008770e+01  6.334509e-17
1.063659e+01  4.212058e-17
1.121535e+01  2.578901e-17
1.182560e+01  1.468042e-17
1.246905e+01  7.288461e-18
1.314752e+01  1.307304e-18
1.386290e+01  1.850145e-69
1.461720e+01  2.277781e-69
1.541255e+01  2.774997e-69
1.625118e+01  3.352131e-69
1.713544e+01  4.021008e-69
1.806781e+01  4.795153e-69
1.905091e+01  5.690026e-69
2.008751e+01  6.723301e-69
2.118051e+01  7.915172e-69
2.233298e+01  9.288712e-69
2.354816e+01  1.087027e-68
2.482946e+01  1.268994e-68
2.618048e+01  1.478205e-68
2.760501e+01  1.718581e-68
2.910705e+01  1.994591e-68
3.069082e+01  2.311331e-68
3.236077e+01  2.674611e-68
3.412158e+01  2.869426e-68
3.597820e+01  3.025557e-68
