1.000000e-03  1.174582e-20
1.054412e-03  1.726299e-20
1.111784e-03  2.604075e-20
1.172279e-03  3.804333e-20
1.236065e-03  5.520746e-20
1.303321e-03  8.355242e-20
1.374238e-03  1.222928e-19
1.449012e-03  1.786936e-19
1.527856e-03  2.745218e-19
1.610989e-03  4.093093e-19
1.698646e-03  5.051370e-19
1.791073e-03  5.981299e-19
1.888529e-03  6.724515e-19
1.991287e-03  7.763083e-19
2.099637e-03  8.901889e-19
2.213882e-03  1.008569e-18
2.334344e-03  1.174550e-18
2.461360e-03  1.316596e-18
2.595287e-03  1.522035e-18
2.736502e-03  1.707030e-18
2.885400e-03  1.957132e-18
3.042400e-03  2.207818e-18
3.207943e-03  2.492733e-18
3.382493e-03  2.845274e-18
3.566541e-03  3.155194e-18
3.760603e-03  3.610642e-18
3.965225e-03  3.975998e-18
4.180980e-03  4.461609e-18
4.408475e-03  4.990921e-18
4.648349e-03  5.482125e-18
4.901274e-03  6.197207e-18
5.167962e-03  6.685422e-18
5.449160e-03  7.497682e-18
5.745660e-03  8.125340e-18
6.058292e-03  8.857534e-18
6.387935e-03  9.676629e-18
6.735515e-03  1.037112e-17
7.102007e-03  1.134608e-17
7.488441e-03  1.193892e-17
7.895901e-03  1.280902e-17
8.325532e-03  1.350235e-17
8.778540e-03  1.425946e-17
9.256197e-03  1.494741e-17
9.759844e-03  1.545430e-17
1.029090e-02  1.614505e-17
1.085084e-02  1.637031e-17
1.144126e-02  1.672252e-17
1.206380e-02  1.687155e-17
1.272021e-02  1.687846e-17
1.341234e-02  1.682306e-17
1.414214e-02  1.656956e-17
1.491164e-02  1.617227e-17
1.572301e-02  1.571919e-17
1.657853e-02  1.505698e-17
1.748059e-02  1.438322e-17
1.843175e-02  1.362042e-17
1.943465e-02  1.266477e-17
2.049213e-02  1.189372e-17
2.160715e-02  1.076741e-17
2.278283e-02  1.005424e-17
2.402249e-02  8.990095e-18
2.532960e-02  8.204944e-18
2.670783e-02  7.362917e-18
2.816105e-02  6.478444e-18
2.969335e-02  5.873717e-18
3.130902e-02  4.996471e-18
3.301261e-02  4.574769e-18
3.480888e-02  3.991482e-18
3.670290e-02  3.519365e-18
3.869998e-02  3.169026e-18
4.080572e-02  2.736966e-18
4.302603e-02  2.565813e-18
4.536716e-02  2.270105e-18
4.783567e-02  2.191698e-18
5.043850e-02  2.108449e-18
5.318296e-02  2.074075e-18
5.607674e-02  2.111352e-18
5.912799e-02  2.166619e-18
6.234525e-02  2.264940e-18
6.573758e-02  2.406759e-18
6.931448e-02  2.537805e-18
7.308602e-02  2.723283e-18
7.706277e-02  2.885606e-18
8.125590e-02  3.054170e-18
8.567719e-02  3.261473e-18
9.033905e-02  3.371584e-18
9.525456e-02  3.542774e-18
1.004375e-01  3.728992e-18
1.059025e-01  3.838191e-18
1.116649e-01  3.968049e-18
1.177408e-01  4.018668e-18
1.241473e-01  4.083117e-18
1.309024e-01  4.082284e-18
1.380250e-01  4.068008e-18
1.455352e-01  4.006471e-18
1.534541e-01  3.906881e-18
1.618038e-01  3.762991e-18
1.706079e-01  3.588833e-18
1.798910e-01  3.365004e-18
1.896792e-01  3.175026e-18
2.000000e-01  2.909873e-18
2.108824e-01  2.708568e-18
2.223569e-01  2.449315e-18
2.344558e-01  2.210015e-18
2.472129e-01  1.985194e-18
2.606643e-01  1.767398e-18
2.748475e-01  1.610546e-18
2.898025e-01  1.480940e-18
3.055712e-01  1.387340e-18
3.221979e-01  1.361724e-18
3.397293e-01  1.349452e-18
3.582146e-01  1.397189e-18
3.777057e-01  1.474550e-18
3.982574e-01  1.600422e-18
4.199274e-01  1.761210e-18
4.427764e-01  1.980830e-18
4.668687e-01  2.218406e-18
4.922720e-01  2.538559e-18
5.190574e-01  2.800638e-18
5.473003e-01  3.168109e-18
5.770800e-01  3.472573e-18
6.084800e-01  3.930878e-18
6.415885e-01  4.345162e-18
6.764986e-01  4.781528e-18
7.133082e-01  5.132230e-18
7.521206e-01  5.533319e-18
7.930449e-01  5.949613e-18
8.361960e-01  6.405870e-18
8.816950e-01  6.966925e-18
9.296697e-01  7.509006e-18
9.802548e-01  8.195914e-18
1.033592e+00  8.763607e-18
1.089832e+00  9.537078e-18
1.149132e+00  1.007542e-17
1.211658e+00  1.081822e-17
1.277587e+00  1.156665e-17
1.347103e+00  1.260369e-17
1.420401e+00  1.353834e-17
1.497688e+00  1.474684e-17
1.579180e+00  1.588699e-17
1.665106e+00  1.727237e-17
1.755708e+00  1.868881e-17
1.851239e+00  2.039247e-17
1.951969e+00  2.217477e-17
2.058179e+00  2.411730e-17
2.170169e+00  2.624746e-17
2.288252e+00  2.830723e-17
2.412760e+00  3.046829e-17
2.544043e+00  3.204567e-17
2.682469e+00  3.358847e-17
2.828427e+00  3.323845e-17
2.982327e+00  3.275811e-17
3.144601e+00  3.414343e-17
3.315705e+00  3.615963e-17
3.496119e+00  3.938777e-17
3.686349e+00  4.319598e-17
3.886931e+00  4.688843e-17
4.098426e+00  5.140856e-17
4.321429e+00  5.607629e-17
4.556566e+00  6.128208e-17
4.804498e+00  6.680810e-17
5.065920e+00  7.234363e-17
5.341566e+00  7.830061e-17
5.632211e+00  8.413013e-17
5.938670e+00  9.114067e-17
6.261804e+00  9.485838e-17
6.602521e+00  9.675640e-17
6.961777e+00  9.603490e-17
7.340580e+00  9.467304e-17
7.739995e+00  9.187119e-17
8.161143e+00  8.763768e-17
8.605206e+00  8.155346e-17
9.073432e+00  7.307269e-17
9.567135e+00  6.323885e-17
1.008770e+01  5.060522e-17
1.063659e+01  3.340550e-17
1.121535e+01  2.086650e-17
1.182560e+01  1.174914e-17
1.246905e+01  6.142421e-18
1.314752e+01  1.018538e-18
1.386290e+01  1.579500e-69
1.461720e+01  1.956233e-69
1.541255e+01  2.436788e-69
1.625118e+01  2.949619e-69
1.713544e+01  3.542845e-69
1.806781e+01  4.228075e-69
1.905091e+01  5.091654e-69
2.008751e+01  6.012545e-69
2.118051e+01  7.072352e-69
2.233298e+01  8.399602e-69
2.354816e+01  9.814319e-69
2.482946e+01  1.143798e-68
2.618048e+01  1.346175e-68
2.760501e+01  1.561807e-68
2.910705e+01  1.808758e-68
3.069082e+01  2.115439e-68
3.236077e+01  2.442078e-68
3.412158e+01  2.618769e-68
3.597820e+01  2.761261e-68
