1.000000e-03  9.564789e-21
1.054412e-03  1.423482e-20
1.111784e-03  2.084435e-20
1.172279e-03  3.103549e-20
1.236065e-03  4.526792e-20
1.303321e-03  6.715720e-20
1.374238e-03  9.799896e-20
1.449012e-03  1.469715e-19
1.527856e-03  2.144760e-19
1.610989e-03  3.276646e-19
1.698646e-03  4.025002e-19
1.791073e-03  4.772777e-19
1.888529e-03  5.323534e-19
1.991287e-03  6.206675e-19
2.099637e-03  7.041799e-19
2.213882e-03  8.071249e-19
2.334344e-03  9.302163e-19
2.461360e-03  1.048649e-18
2.595287e-03  1.207098e-18
2.736502e-03  1.360408e-18
2.885400e-03  1.540383e-18
3.042400e-03  1.760468e-18
3.207943e-03  1.961327e-18
3.382493e-03  2.268280e-18
3.566541e-03  2.505882e-18
3.760603e-03  2.862538e-18
3.965225e-03  3.169361e-18
4.180980e-03  3.542178e-18
4.408475e-03  3.973567e-18
4.648349e-03  4.356699e-18
4.901274e-03  4.931796e-18
5.167962e-03  5.315366e-18
5.449160e-03  5.967490e-18
5.745660e-03  6.419585e-18
6.058292e-03  7.050884e-18
6.387935e-03  7.653946e-18
6.735515e-03  8.233592e-18
7.102007e-03  8.978101e-18
7.488441e-03  9.475129e-18
7.895901e-03  1.014438e-17
8.325532e-03  1.071174e-17
8.778540e-03  1.123440e-17
9.256197e-03  1.184935e-17
9.759844e-03  1.219834e-17
1.029090e-02  1.276780e-17
1.085084e-02  1.296706e-17
1.144126e-02  1.322928e-17
1.206380e-02  1.334462e-17
1.272021e-02  1.334867e-17
1.341234e-02  1.329425e-17
1.414214e-02  1.309409e-17
1.491164e-02  1.276546e-17
1.572301e-02  1.243341e-17
1.657853e-02  1.187026e-17
1.748059e-02  1.138173e-17
1.843175e-02  1.072245e-17
1.943465e-02  1.001658e-17
2.049213e-02  9.374445e-18
2.160715e-02  8.510192e-18
2.278283e-02  7.915229e-18
2.402249e-02  7.170789e-18
2.532960e-02  6.452310e-18
2.670783e-02  5.868965e-18
2.816105e-02  5.091943e-18
2.969335e-02  4.625049e-18
3.130902e-02  3.948857e-18
3.301261e-02  3.589693e-18
3.480888e-02  3.147263e-18
3.670290e-02  2.761197e-18
3.869998e-02  2.495466e-18
4.080572e-02  2.154449e-18
4.302603e-02  2.021457e-18
4.536716e-02  1.791338e-18
4.783567e-02  1.737314e-18
5.043850e-02  1.667649e-18
5.318296e-02  1.641744e-18
5.607674e-02  1.672633e-18
5.912799e-02  1.714846e-18
6.234525e-02  1.796533e-18
6.573758e-02  1.905818e-18
6.931448e-02  2.014604e-18
7.308602e-02  2.144018e-18
7.706277e-02  2.291062e-18
8.125590e-02  2.420551e-18
8.567719e-02  2.581238e-18
9.033905e-02  2.673826e-18
9.525456e-02  2.806357e-18
1.004375e-01  2.955877e-18
1.059025e-01  3.038921e-18
1.116649e-01  3.141188e-18
1.177408e-01  3.179035e-18
1.241473e-01  3.229480e-18
1.309024e-01  3.226976e-18
1.380250e-01  3.213348e-18
1.455352e-01  3.165944e-18
1.534541e-01  3.086713e-18
1.618038e-01  2.968707e-18
1.706079e-01  2.838813e-18
1.798910e-01  2.657434e-18
1.896792e-01  2.503192e-18
2.000000e-01  2.309462e-18
2.108824e-01  2.136564e-18
2.223569e-01  1.927765e-18
2.344558e-01  1.746381e-18
2.472129e-01  1.560115e-18
2.606643e-01  1.402329e-18
2.748475e-01  1.264717e-18
2.898025e-01  1.176116e-18
3.055712e-01  1.092690e-18
3.221979e-01  1.073174e-18
3.397293e-01  1.066016e-18
3.582146e-01  1.102627e-18
3.777057e-01  1.167923e-18
3.982574e-01  1.260666e-18
4.199274e-01  1.397859e-18
4.427764e-01  1.561366e-18
4.668687e-01  1.755623e-18
4.922720e-01  2.005060e-18
5.190574e-01  2.219177e-18
5.473003e-01  2.502984e-18
5.770800e-01  2.759497e-18
6.084800e-01  3.105005e-18
6.415885e-01  3.450474e-18
6.764986e-01  3.782982e-18
7.133082e-01  4.080802e-18
7.521206e-01  4.395143e-18
7.930449e-01  4.729333e-18
8.361960e-01  5.093135e-18
8.816950e-01  5.545146e-18
9.296697e-01  5.976668e-18
9.802548e-01  6.528657e-18
1.033592e+00  6.985833e-18
1.089832e+00  7.598133e-18
1.149132e+00  8.033845e-18
1.211658e+00  8.633236e-18
1.277587e+00  9.237859e-18
1.347103e+00  1.007201e-17
1.420401e+00  1.083083e-17
1.497688e+00  1.176799e-17
1.579180e+00  1.273693e-17
1.665106e+00  1.381583e-17
1.755708e+00  1.504867e-17
1.851239e+00  1.633262e-17
1.951969e+00  1.787460e-17
2.058179e+00  1.934950e-17
2.170169e+00  2.118493e-17
2.288252e+00  2.272123e-17
2.412760e+00  2.465717e-17
2.544043e+00  2.580317e-17
2.682469e+00  2.715665e-17
2.828427e+00  2.704567e-17
2.982327e+00  2.662073e-17
3.144601e+00  2.775660e-17
3.315705e+00  2.951130e-17
3.496119e+00  3.195104e-17
3.686349e+00  3.530630e-17
3.886931e+00  3.828737e-17
4.098426e+00  4.217321e-17
4.321429e+00  4.582899e-17
4.556566e+00  5.026130e-17
4.804498e+00  5.464767e-17
5.065920e+00  5.941941e-17
5.341566e+00  6.409025e-17
5.632211e+00  6.928652e-17
5.938670e+00  7.479139e-17
6.261804e+00  7.877265e-17
6.602521e+00  8.130219e-17
6.961777e+00  8.099976e-17
7.340580e+00  7.989522e-17
7.739995e+00  7.767744e-17
8.161143e+00  7.419345e-17
8.605206e+00  6.909946e-17
9.073432e+00  6.205488e-17
9.567135e+00  5.344455e-17
1.008770e+01  4.290343e-17
1.063659e+01  2.827602e-17
1.121535e+01  1.781980e-17
1.182560e+01  9.906772e-18
1.246905e+01  5.182377e-18
1.314752e+01  8.602034e-19
1.386290e+01  1.399096e-69
1.461720e+01  1.778265e-69
1.541255e+01  2.182383e-69
1.625118e+01  2.695716e-69
1.713544e+01  3.242591e-69
1.806781e+01  3.932781e-69
1.905091e+01  4.735703e-69
2.008751e+01  5.590650e-69
2.118051e+01  6.661538e-69
2.233298e+01  7.801500e-69
2.354816e+01  9.223963e-69
2.482946e+01  1.073781e-68
2.618048e+01  1.262085e-68
2.760501e+01  1.462440e-68
2.910705e+01  1.710999e-68
3.069082e+01  1.975403e-68
3.236077e+01  2.302681e-68
3.412158e+01  2.468576e-68
3.597820e+01  2.602896e-68
