1.000000e-03  9.336473e-21
1.054412e-03  1.363656e-20
1.111784e-03  2.051112e-20
1.172279e-03  3.063811e-20
1.236065e-03  4.455512e-20
1.303321e-03  6.617193e-20
1.374238e-03  9.635323e-20
1.449012e-03  1.435831e-19
1.527856e-03  2.104108e-19
1.610989e-03  3.193552e-19
1.698646e-03  3.940751e-19
1.791073e-03  4.662243e-19
1.888529e-03  5.212867e-19
1.991287e-03  6.061090e-19
2.099637e-03  6.894678e-19
2.213882e-03  7.883824e-19
2.334344e-03  9.106803e-19
2.461360e-03  1.025604e-18
2.595287e-03  1.181684e-18
2.736502e-03  1.330764e-18
2.885400e-03  1.507919e-18
3.042400e-03  1.722785e-18
3.207943e-03  1.919871e-18
3.382493e-03  2.219590e-18
3.566541e-03  2.435378e-18
3.760603e-03  2.801005e-18
3.965225e-03  3.092937e-18
4.180980e-03  3.466273e-18
4.408475e-03  3.874495e-18
4.648349e-03  4.263012e-18
4.901274e-03  4.809459e-18
5.167962e-03  5.200429e-18
5.449160e-03  5.831728e-18
5.745660e-03  6.280312e-18
6.058292e-03  6.892077e-18
6.387935e-03  7.486492e-18
6.735515e-03  8.052178e-18
7.102007e-03  8.779957e-18
7.488441e-03  9.265772e-18
7.895901e-03  9.919383e-18
8.325532e-03  1.047433e-17
8.778540e-03  1.098379e-17
9.256197e-03  1.158453e-17
9.759844e-03  1.192437e-17
1.029090e-02  1.248012e-17
1.085084e-02  1.266944e-17
1.144126e-02  1.292910e-17
1.206380e-02  1.304605e-17
1.272021e-02  1.304383e-17
1.341234e-02  1.300293e-17
1.414214e-02  1.279308e-17
1.491164e-02  1.247866e-17
1.572301e-02  1.214586e-17
1.657853e-02  1.160188e-17
1.748059e-02  1.111677e-17
1.843175e-02  1.047422e-17
1.943465e-02  9.782507e-18
2.049213e-02  9.156100e-18
2.160715e-02  8.310759e-18
2.278283e-02  7.729979e-18
2.402249e-02  7.001932e-18
2.532960e-02  6.299908e-18
2.670783e-02  5.730333e-18
2.816105e-02  4.971676e-18
2.969335e-02  4.515786e-18
3.130902e-02  3.855731e-18
3.301261e-02  3.513876e-18
3.480888e-02  3.073028e-18
3.670290e-02  2.702208e-18
3.869998e-02  2.436969e-18
4.080572e-02  2.104093e-18
4.302603e-02  1.974693e-18
4.536716e-02  1.749454e-18
4.783567e-02  1.697756e-18
5.043850e-02  1.629652e-18
5.318296e-02  1.605111e-18
5.607674e-02  1.635160e-18
5.912799e-02  1.677002e-18
6.234525e-02  1.756720e-18
6.573758e-02  1.863842e-18
6.931448e-02  1.970282e-18
7.308602e-02  2.096712e-18
7.706277e-02  2.240381e-18
8.125590e-02  2.366829e-18
8.567719e-02  2.523777e-18
9.033905e-02  2.613948e-18
9.525456e-02  2.743665e-18
1.004375e-01  2.882449e-18
1.059025e-01  2.970796e-18
1.116649e-01  3.069629e-18
1.177408e-01  3.107323e-18
1.241473e-01  3.155117e-18
1.309024e-01  3.153277e-18
1.380250e-01  3.139977e-18
1.455352e-01  3.093317e-18
1.534541e-01  3.015460e-18
1.618038e-01  2.900409e-18
1.706079e-01  2.772742e-18
1.798910e-01  2.595890e-18
1.896792e-01  2.444510e-18
2.000000e-01  2.255747e-18
2.108824e-01  2.086059e-18
2.223569e-01  1.893084e-18
2.344558e-01  1.705012e-18
2.472129e-01  1.523962e-18
2.606643e-01  1.369283e-18
2.748475e-01  1.236369e-18
2.898025e-01  1.148661e-18
3.055712e-01  1.066875e-18
3.221979e-01  1.048439e-18
3.397293e-01  1.039444e-18
3.582146e-01  1.077498e-18
3.777057e-01  1.139400e-18
3.982574e-01  1.232362e-18
4.199274e-01  1.366787e-18
4.427764e-01  1.526543e-18
4.668687e-01  1.715893e-18
4.922720e-01  1.960139e-18
5.190574e-01  2.165756e-18
5.473003e-01  2.446939e-18
5.770800e-01  2.694535e-18
6.084800e-01  3.019627e-18
6.415885e-01  3.370083e-18
6.764986e-01  3.698257e-18
7.133082e-01  3.984499e-18
7.521206e-01  4.296870e-18
7.930449e-01  4.624784e-18
8.361960e-01  4.979687e-18
8.816950e-01  5.423269e-18
9.296697e-01  5.844111e-18
9.802548e-01  6.385795e-18
1.033592e+00  6.831345e-18
1.089832e+00  7.419965e-18
1.149132e+00  7.855277e-18
1.211658e+00  8.423280e-18
1.277587e+00  9.033638e-18
1.347103e+00  9.826703e-18
1.420401e+00  1.059234e-17
1.497688e+00  1.151916e-17
1.579180e+00  1.245783e-17
1.665106e+00  1.352598e-17
1.755708e+00  1.472842e-17
1.851239e+00  1.599250e-17
1.951969e+00  1.750929e-17
2.058179e+00  1.894721e-17
2.170169e+00  2.074621e-17
2.288252e+00  2.224944e-17
2.412760e+00  2.413789e-17
2.544043e+00  2.526875e-17
2.682469e+00  2.658687e-17
2.828427e+00  2.649607e-17
2.982327e+00  2.607976e-17
3.144601e+00  2.721289e-17
3.315705e+00  2.892205e-17
3.496119e+00  3.133613e-17
3.686349e+00  3.456504e-17
3.886931e+00  3.755092e-17
4.098426e+00  4.129247e-17
4.321429e+00  4.495847e-17
4.556566e+00  4.922533e-17
4.804498e+00  5.361840e-17
5.065920e+00  5.820237e-17
5.341566e+00  6.289117e-17
5.632211e+00  6.788880e-17
5.938670e+00  7.340372e-17
6.261804e+00  7.729271e-17
6.602521e+00  7.989384e-17
6.961777e+00  7.963202e-17
7.340580e+00  7.852301e-17
7.739995e+00  7.636990e-17
8.161143e+00  7.290103e-17
8.605206e+00  6.789555e-17
9.073432e+00  6.097061e-17
9.567135e+00  5.250763e-17
1.008770e+01  4.214797e-17
1.063659e+01  2.778834e-17
1.121535e+01  1.751737e-17
1.182560e+01  9.736972e-18
1.246905e+01  5.095447e-18
1.314752e+01  8.457395e-19
1.386290e+01  1.394208e-69
1.461720e+01  1.737034e-69
1.541255e+01  2.174210e-69
1.625118e+01  2.685250e-69
1.713544e+01  3.229599e-69
1.806781e+01  3.916462e-69
1.905091e+01  4.647838e-69
2.008751e+01  5.565905e-69
2.118051e+01  6.543184e-69
2.233298e+01  7.764740e-69
2.354816e+01  9.179072e-69
2.482946e+01  1.068405e-68
2.618048e+01  1.255566e-68
2.760501e+01  1.454676e-68
2.910705e+01  1.701637e-68
3.069082e+01  1.964306e-68
3.236077e+01  2.289362e-68
3.412158e+01  2.454228e-68
3.597820e+01  2.587767e-68
