1.000000e-03  8.581778e-21
1.054412e-03  1.285665e-20
1.111784e-03  1.860919e-20
1.172279e-03  2.779264e-20
1.236065e-03  4.150400e-20
1.303321e-03  5.995177e-20
1.374238e-03  8.903176e-20
1.449012e-03  1.333624e-19
1.527856e-03  1.937333e-19
1.610989e-03  2.916219e-19
1.698646e-03  3.604448e-19
1.791073e-03  4.241962e-19
1.888529e-03  4.770155e-19
1.991287e-03  5.520763e-19
2.099637e-03  6.311472e-19
2.213882e-03  7.186614e-19
2.334344e-03  8.336419e-19
2.461360e-03  9.348383e-19
2.595287e-03  1.081872e-18
2.736502e-03  1.214017e-18
2.885400e-03  1.381085e-18
3.042400e-03  1.571693e-18
3.207943e-03  1.758917e-18
3.382493e-03  2.025653e-18
3.566541e-03  2.231691e-18
3.760603e-03  2.557482e-18
3.965225e-03  2.816943e-18
4.180980e-03  3.167088e-18
4.408475e-03  3.530323e-18
4.648349e-03  3.896891e-18
4.901274e-03  4.383706e-18
5.167962e-03  4.755342e-18
5.449160e-03  5.309443e-18
5.745660e-03  5.742829e-18
6.058292e-03  6.280008e-18
6.387935e-03  6.843898e-18
6.735515e-03  7.340122e-18
7.102007e-03  8.023536e-18
7.488441e-03  8.452237e-18
7.895901e-03  9.063803e-18
8.325532e-03  9.557718e-18
8.778540e-03  1.003339e-17
9.256197e-03  1.057156e-17
9.759844e-03  1.088910e-17
1.029090e-02  1.138814e-17
1.085084e-02  1.153978e-17
1.144126e-02  1.179773e-17
1.206380e-02  1.189024e-17
1.272021e-02  1.189930e-17
1.341234e-02  1.185623e-17
1.414214e-02  1.166527e-17
1.491164e-02  1.139068e-17
1.572301e-02  1.106830e-17
1.657853e-02  1.059216e-17
1.748059e-02  1.012516e-17
1.843175e-02  9.563555e-18
1.943465e-02  8.906100e-18
2.049213e-02  8.354556e-18
2.160715e-02  7.563684e-18
2.278283e-02  7.048129e-18
2.402249e-02  6.368671e-18
2.532960e-02  5.742153e-18
2.670783e-02  5.210082e-18
2.816105e-02  4.529957e-18
2.969335e-02  4.144142e-18
3.130902e-02  3.511983e-18
3.301261e-02  3.220228e-18
3.480888e-02  2.796887e-18
3.670290e-02  2.474388e-18
3.869998e-02  2.217594e-18
4.080572e-02  1.927157e-18
4.302603e-02  1.797108e-18
4.536716e-02  1.599192e-18
4.783567e-02  1.546749e-18
5.043850e-02  1.486209e-18
5.318296e-02  1.464642e-18
5.607674e-02  1.490126e-18
5.912799e-02  1.531908e-18
6.234525e-02  1.601516e-18
6.573758e-02  1.703349e-18
6.931448e-02  1.797427e-18
7.308602e-02  1.916508e-18
7.706277e-02  2.044701e-18
8.125590e-02  2.152239e-18
8.567719e-02  2.303431e-18
9.033905e-02  2.380251e-18
9.525456e-02  2.504935e-18
1.004375e-01  2.631113e-18
1.059025e-01  2.711183e-18
1.116649e-01  2.798194e-18
1.177408e-01  2.834948e-18
1.241473e-01  2.877372e-18
1.309024e-01  2.876686e-18
1.380250e-01  2.862992e-18
1.455352e-01  2.819981e-18
1.534541e-01  2.748960e-18
1.618038e-01  2.640913e-18
1.706079e-01  2.528997e-18
1.798910e-01  2.363521e-18
1.896792e-01  2.227457e-18
2.000000e-01  2.053861e-18
2.108824e-01  1.898375e-18
2.223569e-01  1.723651e-18
2.344558e-01  1.549927e-18
2.472129e-01  1.392243e-18
2.606643e-01  1.245198e-18
2.748475e-01  1.125273e-18
2.898025e-01  1.044224e-18
3.055712e-01  9.734350e-19
3.221979e-01  9.538333e-19
3.397293e-01  9.465408e-19
3.582146e-01  9.808953e-19
3.777057e-01  1.035918e-18
3.982574e-01  1.124438e-18
4.199274e-01  1.239927e-18
4.427764e-01  1.392920e-18
4.668687e-01  1.560309e-18
4.922720e-01  1.786848e-18
5.190574e-01  1.971890e-18
5.473003e-01  2.231496e-18
5.770800e-01  2.451824e-18
6.084800e-01  2.754250e-18
6.415885e-01  3.068018e-18
6.764986e-01  3.371399e-18
7.133082e-01  3.629665e-18
7.521206e-01  3.918209e-18
7.930449e-01  4.212626e-18
8.361960e-01  4.543869e-18
8.816950e-01  4.939648e-18
9.296697e-01  5.335825e-18
9.802548e-01  5.817491e-18
1.033592e+00  6.236268e-18
1.089832e+00  6.784064e-18
1.149132e+00  7.176925e-18
1.211658e+00  7.707512e-18
1.277587e+00  8.259877e-18
1.347103e+00  8.997732e-18
1.420401e+00  9.689689e-18
1.497688e+00  1.055684e-17
1.579180e+00  1.140305e-17
1.665106e+00  1.240639e-17
1.755708e+00  1.349013e-17
1.851239e+00  1.468319e-17
1.951969e+00  1.603543e-17
2.058179e+00  1.741748e-17
2.170169e+00  1.903331e-17
2.288252e+00  2.043798e-17
2.412760e+00  2.220701e-17
2.544043e+00  2.320429e-17
2.682469e+00  2.442069e-17
2.828427e+00  2.436337e-17
2.982327e+00  2.398043e-17
3.144601e+00  2.508524e-17
3.315705e+00  2.663616e-17
3.496119e+00  2.891976e-17
3.686349e+00  3.188516e-17
3.886931e+00  3.468258e-17
4.098426e+00  3.810429e-17
4.321429e+00  4.152601e-17
4.556566e+00  4.547412e-17
4.804498e+00  4.954690e-17
5.065920e+00  5.373230e-17
5.341566e+00  5.816557e-17
5.632211e+00  6.269922e-17
5.938670e+00  6.796700e-17
6.261804e+00  7.156626e-17
6.602521e+00  7.443802e-17
6.961777e+00  7.427822e-17
7.340580e+00  7.332711e-17
7.739995e+00  7.126055e-17
8.161143e+00  6.820752e-17
8.605206e+00  6.334914e-17
9.073432e+00  5.696598e-17
9.567135e+00  4.954364e-17
1.008770e+01  3.934186e-17
1.063659e+01  2.626477e-17
1.121535e+01  1.633229e-17
1.182560e+01  9.364141e-18
1.246905e+01  4.750358e-18
1.314752e+01  7.902912e-19
1.386290e+01  1.315462e-69
1.461720e+01  1.678297e-69
1.541255e+01  2.103152e-69
1.625118e+01  2.555522e-69
1.713544e+01  3.127954e-69
1.806781e+01  3.794420e-69
1.905091e+01  4.503668e-69
2.008751e+01  5.393481e-69
2.118051e+01  6.425215e-69
2.233298e+01  7.522725e-69
2.354816e+01  8.891051e-69
2.482946e+01  1.047278e-68
2.618048e+01  1.215476e-68
2.760501e+01  1.424196e-68
2.910705e+01  1.664901e-68
3.069082e+01  1.920779e-68
3.236077e+01  2.237149e-68
3.412158e+01  2.397988e-68
3.597820e+01  2.528468e-68
