1.000000e-03  7.001767e-21
1.054412e-03  1.035865e-20
1.111784e-03  1.480899e-20
1.172279e-03  2.194706e-20
1.236065e-03  3.251861e-20
1.303321e-03  4.807107e-20
1.374238e-03  7.105957e-20
1.449012e-03  1.051807e-19
1.527856e-03  1.562342e-19
1.610989e-03  2.328921e-19
1.698646e-03  2.865178e-19
1.791073e-03  3.374038e-19
1.888529e-03  3.794851e-19
1.991287e-03  4.398192e-19
2.099637e-03  5.022241e-19
2.213882e-03  5.687232e-19
2.334344e-03  6.600189e-19
2.461360e-03  7.408454e-19
2.595287e-03  8.578038e-19
2.736502e-03  9.598073e-19
2.885400e-03  1.094347e-18
3.042400e-03  1.241858e-18
3.207943e-03  1.394194e-18
3.382493e-03  1.600867e-18
3.566541e-03  1.770070e-18
3.760603e-03  2.023626e-18
3.965225e-03  2.235232e-18
4.180980e-03  2.509372e-18
4.408475e-03  2.801899e-18
4.648349e-03  3.090711e-18
4.901274e-03  3.478992e-18
5.167962e-03  3.773655e-18
5.449160e-03  4.215365e-18
5.745660e-03  4.557224e-18
6.058292e-03  4.988424e-18
6.387935e-03  5.429003e-18
6.735515e-03  5.797121e-18
7.102007e-03  6.340842e-18
7.488441e-03  6.678730e-18
7.895901e-03  7.168656e-18
8.325532e-03  7.543908e-18
8.778540e-03  7.933780e-18
9.256197e-03  8.345116e-18
9.759844e-03  8.610375e-18
1.029090e-02  8.991690e-18
1.085084e-02  9.121868e-18
1.144126e-02  9.318514e-18
1.206380e-02  9.391859e-18
1.272021e-02  9.395793e-18
1.341234e-02  9.356006e-18
1.414214e-02  9.203261e-18
1.491164e-02  8.979434e-18
1.572301e-02  8.722552e-18
1.657853e-02  8.338915e-18
1.748059e-02  7.970254e-18
1.843175e-02  7.518227e-18
1.943465e-02  7.003833e-18
2.049213e-02  6.594142e-18
2.160715e-02  5.964056e-18
2.278283e-02  5.571308e-18
2.402249e-02  5.012220e-18
2.532960e-02  4.535447e-18
2.670783e-02  4.098100e-18
2.816105e-02  3.577477e-18
2.969335e-02  3.256023e-18
3.130902e-02  2.770548e-18
3.301261e-02  2.528289e-18
3.480888e-02  2.200642e-18
3.670290e-02  1.942642e-18
3.869998e-02  1.742684e-18
4.080572e-02  1.514484e-18
4.302603e-02  1.412969e-18
4.536716e-02  1.259093e-18
4.783567e-02  1.219005e-18
5.043850e-02  1.172525e-18
5.318296e-02  1.157722e-18
5.607674e-02  1.179459e-18
5.912799e-02  1.213479e-18
6.234525e-02  1.266846e-18
6.573758e-02  1.346905e-18
6.931448e-02  1.418574e-18
7.308602e-02  1.515282e-18
7.706277e-02  1.614208e-18
8.125590e-02  1.703097e-18
8.567719e-02  1.819460e-18
9.033905e-02  1.883864e-18
9.525456e-02  1.980651e-18
1.004375e-01  2.080739e-18
1.059025e-01  2.142770e-18
1.116649e-01  2.210912e-18
1.177408e-01  2.239386e-18
1.241473e-01  2.271980e-18
1.309024e-01  2.270879e-18
1.380250e-01  2.259707e-18
1.455352e-01  2.224691e-18
1.534541e-01  2.166299e-18
1.618038e-01  2.082462e-18
1.706079e-01  1.988075e-18
1.798910e-01  1.858655e-18
1.896792e-01  1.756417e-18
2.000000e-01  1.617200e-18
2.108824e-01  1.496826e-18
2.223569e-01  1.356049e-18
2.344558e-01  1.218980e-18
2.472129e-01  1.095196e-18
2.606643e-01  9.773908e-19
2.748475e-01  8.850765e-19
2.898025e-01  8.181199e-19
3.055712e-01  7.623353e-19
3.221979e-01  7.467623e-19
3.397293e-01  7.417665e-19
3.582146e-01  7.681098e-19
3.777057e-01  8.122527e-19
3.982574e-01  8.794798e-19
4.199274e-01  9.725832e-19
4.427764e-01  1.088981e-18
4.668687e-01  1.220820e-18
4.922720e-01  1.404897e-18
5.190574e-01  1.552132e-18
5.473003e-01  1.754375e-18
5.770800e-01  1.920899e-18
6.084800e-01  2.167112e-18
6.415885e-01  2.399601e-18
6.764986e-01  2.651295e-18
7.133082e-01  2.843234e-18
7.521206e-01  3.082629e-18
7.930449e-01  3.318367e-18
8.361960e-01  3.578581e-18
8.816950e-01  3.896043e-18
9.296697e-01  4.205795e-18
9.802548e-01  4.592277e-18
1.033592e+00  4.923969e-18
1.089832e+00  5.356423e-18
1.149132e+00  5.668692e-18
1.211658e+00  6.096639e-18
1.277587e+00  6.534507e-18
1.347103e+00  7.128246e-18
1.420401e+00  7.678079e-18
1.497688e+00  8.380832e-18
1.579180e+00  9.048473e-18
1.665106e+00  9.866434e-18
1.755708e+00  1.071751e-17
1.851239e+00  1.169382e-17
1.951969e+00  1.276022e-17
2.058179e+00  1.388204e-17
2.170169e+00  1.517124e-17
2.288252e+00  1.635523e-17
2.412760e+00  1.773544e-17
2.544043e+00  1.862150e-17
2.682469e+00  1.962093e-17
2.828427e+00  1.953542e-17
2.982327e+00  1.931707e-17
3.144601e+00  2.019467e-17
3.315705e+00  2.147025e-17
3.496119e+00  2.338500e-17
3.686349e+00  2.573694e-17
3.886931e+00  2.807265e-17
4.098426e+00  3.078046e-17
4.321429e+00  3.364384e-17
4.556566e+00  3.676532e-17
4.804498e+00  4.018723e-17
5.065920e+00  4.360848e-17
5.341566e+00  4.719115e-17
5.632211e+00  5.091452e-17
5.938670e+00  5.527896e-17
6.261804e+00  5.828976e-17
6.602521e+00  6.136550e-17
6.961777e+00  6.163533e-17
7.340580e+00  6.103191e-17
7.739995e+00  5.934178e-17
8.161143e+00  5.681802e-17
8.605206e+00  5.297706e-17
9.073432e+00  4.768861e-17
9.567135e+00  4.135714e-17
1.008770e+01  3.282734e-17
1.063659e+01  2.189229e-17
1.121535e+01  1.373347e-17
1.182560e+01  7.779195e-18
1.246905e+01  3.942931e-18
1.314752e+01  6.557582e-19
1.386290e+01  1.156139e-69
1.461720e+01  1.487526e-69
1.541255e+01  1.875195e-69
1.625118e+01  2.327652e-69
1.713544e+01  2.854641e-69
1.806781e+01  3.467321e-69
1.905091e+01  4.178466e-69
2.008751e+01  5.002693e-69
2.118051e+01  5.956732e-69
2.233298e+01  7.059716e-69
2.354816e+01  8.231124e-69
2.482946e+01  9.686224e-69
2.618048e+01  1.136371e-68
2.760501e+01  1.329597e-68
2.910705e+01  1.552002e-68
3.069082e+01  1.807810e-68
3.236077e+01  2.101848e-68
3.412158e+01  2.252288e-68
3.597820e+01  2.374840e-68
