1.000000e-03  5.934995e-21
1.054412e-03  8.711454e-21
1.111784e-03  1.280361e-20
1.172279e-03  1.886220e-20
1.236065e-03  2.792721e-20
1.303321e-03  4.105022e-20
1.374238e-03  6.202292e-20
1.449012e-03  9.120782e-20
1.527856e-03  1.341568e-19
1.610989e-03  1.979364e-19
1.698646e-03  2.437709e-19
1.791073e-03  2.863856e-19
1.888529e-03  3.210559e-19
1.991287e-03  3.701772e-19
2.099637e-03  4.253995e-19
2.213882e-03  4.834319e-19
2.334344e-03  5.616230e-19
2.461360e-03  6.301952e-19
2.595287e-03  7.306457e-19
2.736502e-03  8.183027e-19
2.885400e-03  9.328145e-19
3.042400e-03  1.060696e-18
3.207943e-03  1.190476e-18
3.382493e-03  1.364335e-18
3.566541e-03  1.511844e-18
3.760603e-03  1.726075e-18
3.965225e-03  1.904051e-18
4.180980e-03  2.133040e-18
4.408475e-03  2.387154e-18
4.648349e-03  2.629280e-18
4.901274e-03  2.950700e-18
5.167962e-03  3.210149e-18
5.449160e-03  3.578844e-18
5.745660e-03  3.859383e-18
6.058292e-03  4.209281e-18
6.387935e-03  4.601838e-18
6.735515e-03  4.927834e-18
7.102007e-03  5.393162e-18
7.488441e-03  5.675751e-18
7.895901e-03  6.099583e-18
8.325532e-03  6.419985e-18
8.778540e-03  6.750711e-18
9.256197e-03  7.099262e-18
9.759844e-03  7.323086e-18
1.029090e-02  7.640697e-18
1.085084e-02  7.749703e-18
1.144126e-02  7.915272e-18
1.206380e-02  7.975356e-18
1.272021e-02  7.978112e-18
1.341234e-02  7.941635e-18
1.414214e-02  7.812002e-18
1.491164e-02  7.625965e-18
1.572301e-02  7.414846e-18
1.657853e-02  7.080442e-18
1.748059e-02  6.777235e-18
1.843175e-02  6.409388e-18
1.943465e-02  5.958592e-18
2.049213e-02  5.592063e-18
2.160715e-02  5.052775e-18
2.278283e-02  4.714214e-18
2.402249e-02  4.240830e-18
2.532960e-02  3.835267e-18
2.670783e-02  3.463821e-18
2.816105e-02  3.027872e-18
2.969335e-02  2.749448e-18
3.130902e-02  2.343375e-18
3.301261e-02  2.139890e-18
3.480888e-02  1.859488e-18
3.670290e-02  1.644109e-18
3.869998e-02  1.477022e-18
4.080572e-02  1.282436e-18
4.302603e-02  1.197356e-18
4.536716e-02  1.070062e-18
4.783567e-02  1.037786e-18
5.043850e-02  9.952948e-19
5.318296e-02  9.834375e-19
5.607674e-02  1.001644e-18
5.912799e-02  1.029223e-18
6.234525e-02  1.076795e-18
6.573758e-02  1.146083e-18
6.931448e-02  1.208220e-18
7.308602e-02  1.290610e-18
7.706277e-02  1.373656e-18
8.125590e-02  1.448430e-18
8.567719e-02  1.545219e-18
9.033905e-02  1.601937e-18
9.525456e-02  1.682610e-18
1.004375e-01  1.768264e-18
1.059025e-01  1.821436e-18
1.116649e-01  1.878055e-18
1.177408e-01  1.902160e-18
1.241473e-01  1.929262e-18
1.309024e-01  1.927779e-18
1.380250e-01  1.917576e-18
1.455352e-01  1.886856e-18
1.534541e-01  1.836800e-18
1.618038e-01  1.766005e-18
1.706079e-01  1.686494e-18
1.798910e-01  1.578440e-18
1.896792e-01  1.487171e-18
2.000000e-01  1.368244e-18
2.108824e-01  1.264238e-18
2.223569e-01  1.144670e-18
2.344558e-01  1.028920e-18
2.472129e-01  9.233184e-19
2.606643e-01  8.241412e-19
2.748475e-01  7.457862e-19
2.898025e-01  6.892536e-19
3.055712e-01  6.425603e-19
3.221979e-01  6.290405e-19
3.397293e-01  6.250588e-19
3.582146e-01  6.470484e-19
3.777057e-01  6.831667e-19
3.982574e-01  7.410492e-19
4.199274e-01  8.181168e-19
4.427764e-01  9.177722e-19
4.668687e-01  1.027869e-18
4.922720e-01  1.179869e-18
5.190574e-01  1.299714e-18
5.473003e-01  1.473777e-18
5.770800e-01  1.617827e-18
6.084800e-01  1.820538e-18
6.415885e-01  2.022862e-18
6.764986e-01  2.230297e-18
7.133082e-01  2.397141e-18
7.521206e-01  2.594649e-18
7.930449e-01  2.786639e-18
8.361960e-01  3.011093e-18
8.816950e-01  3.269167e-18
9.296697e-01  3.540288e-18
9.802548e-01  3.875146e-18
1.033592e+00  4.147691e-18
1.089832e+00  4.527029e-18
1.149132e+00  4.795345e-18
1.211658e+00  5.153009e-18
1.277587e+00  5.533963e-18
1.347103e+00  6.048082e-18
1.420401e+00  6.508291e-18
1.497688e+00  7.112654e-18
1.579180e+00  7.694771e-18
1.665106e+00  8.382191e-18
1.755708e+00  9.126398e-18
1.851239e+00  9.970179e-18
1.951969e+00  1.088329e-17
2.058179e+00  1.186227e-17
2.170169e+00  1.298312e-17
2.288252e+00  1.398884e-17
2.412760e+00  1.514699e-17
2.544043e+00  1.590423e-17
2.682469e+00  1.675059e-17
2.828427e+00  1.672442e-17
2.982327e+00  1.658498e-17
3.144601e+00  1.736453e-17
3.315705e+00  1.848808e-17
3.496119e+00  2.013869e-17
3.686349e+00  2.218651e-17
3.886931e+00  2.419385e-17
4.098426e+00  2.657680e-17
4.321429e+00  2.902228e-17
4.556566e+00  3.175123e-17
4.804498e+00  3.468721e-17
5.065920e+00  3.759334e-17
5.341566e+00  4.076891e-17
5.632211e+00  4.395933e-17
5.938670e+00  4.783024e-17
6.261804e+00  5.045799e-17
6.602521e+00  5.331360e-17
6.961777e+00  5.373826e-17
7.340580e+00  5.342635e-17
7.739995e+00  5.199704e-17
8.161143e+00  4.987618e-17
8.605206e+00  4.655965e-17
9.073432e+00  4.209499e-17
9.567135e+00  3.668055e-17
1.008770e+01  2.949933e-17
1.063659e+01  2.033342e-17
1.121535e+01  1.249726e-17
1.182560e+01  7.468307e-18
1.246905e+01  3.716638e-18
1.314752e+01  5.728203e-19
1.386290e+01  1.047704e-69
1.461720e+01  1.357992e-69
1.541255e+01  1.720766e-69
1.625118e+01  2.182118e-69
1.713544e+01  2.679941e-69
1.806781e+01  3.258124e-69
1.905091e+01  3.928519e-69
2.008751e+01  4.704667e-69
2.118051e+01  5.602043e-69
2.233298e+01  6.638318e-69
2.354816e+01  7.833676e-69
2.482946e+01  9.211157e-69
2.618048e+01  1.079706e-68
2.760501e+01  1.276489e-68
2.910705e+01  1.488200e-68
3.069082e+01  1.731362e-68
3.236077e+01  2.010464e-68
3.412158e+01  2.153912e-68
3.597820e+01  2.271111e-68
