1.000000e-03  5.544026e-21
1.054412e-03  8.112144e-21
1.111784e-03  1.229177e-20
1.172279e-03  1.804232e-20
1.236065e-03  2.653436e-20
1.303321e-03  3.922768e-20
1.374238e-03  5.735470e-20
1.449012e-03  8.389936e-20
1.527856e-03  1.272296e-19
1.610989e-03  1.870113e-19
1.698646e-03  2.283049e-19
1.791073e-03  2.703382e-19
1.888529e-03  3.029125e-19
1.991287e-03  3.489292e-19
2.099637e-03  4.014427e-19
2.213882e-03  4.558579e-19
2.334344e-03  5.289427e-19
2.461360e-03  5.945874e-19
2.595287e-03  6.884168e-19
2.736502e-03  7.701936e-19
2.885400e-03  8.814840e-19
3.042400e-03  9.987840e-19
3.207943e-03  1.119505e-18
3.382493e-03  1.288591e-18
3.566541e-03  1.423077e-18
3.760603e-03  1.621397e-18
3.965225e-03  1.797974e-18
4.180980e-03  2.013354e-18
4.408475e-03  2.240016e-18
4.648349e-03  2.481856e-18
4.901274e-03  2.783557e-18
5.167962e-03  3.010211e-18
5.449160e-03  3.376242e-18
5.745660e-03  3.639765e-18
6.058292e-03  3.967784e-18
6.387935e-03  4.339856e-18
6.735515e-03  4.645685e-18
7.102007e-03  5.080853e-18
7.488441e-03  5.353999e-18
7.895901e-03  5.747733e-18
8.325532e-03  6.046983e-18
8.778540e-03  6.364843e-18
9.256197e-03  6.687620e-18
9.759844e-03  6.896536e-18
1.029090e-02  7.199653e-18
1.085084e-02  7.302060e-18
1.144126e-02  7.454338e-18
1.206380e-02  7.512103e-18
1.272021e-02  7.514090e-18
1.341234e-02  7.481863e-18
1.414214e-02  7.355211e-18
1.491164e-02  7.179969e-18
1.572301e-02  6.981564e-18
1.657853e-02  6.665217e-18
1.748059e-02  6.379196e-18
1.843175e-02  6.034318e-18
1.943465e-02  5.605078e-18
2.049213e-02  5.263012e-18
2.160715e-02  4.758499e-18
2.278283e-02  4.433002e-18
2.402249e-02  3.991919e-18
2.532960e-02  3.613019e-18
2.670783e-02  3.256635e-18
2.816105e-02  2.846406e-18
2.969335e-02  2.592004e-18
3.130902e-02  2.203792e-18
3.301261e-02  2.011345e-18
3.480888e-02  1.755492e-18
3.670290e-02  1.546173e-18
3.869998e-02  1.388757e-18
4.080572e-02  1.212663e-18
4.302603e-02  1.126363e-18
4.536716e-02  1.007300e-18
4.783567e-02  9.769517e-19
5.043850e-02  9.367495e-19
5.318296e-02  9.265308e-19
5.607674e-02  9.436331e-19
5.912799e-02  9.693747e-19
6.234525e-02  1.014677e-18
6.573758e-02  1.079450e-18
6.931448e-02  1.137689e-18
7.308602e-02  1.216730e-18
7.706277e-02  1.294939e-18
8.125590e-02  1.365027e-18
8.567719e-02  1.456878e-18
9.033905e-02  1.507201e-18
9.525456e-02  1.585973e-18
1.004375e-01  1.663581e-18
1.059025e-01  1.715211e-18
1.116649e-01  1.767535e-18
1.177408e-01  1.791183e-18
1.241473e-01  1.816728e-18
1.309024e-01  1.815023e-18
1.380250e-01  1.806216e-18
1.455352e-01  1.778625e-18
1.534541e-01  1.732008e-18
1.618038e-01  1.662019e-18
1.706079e-01  1.587524e-18
1.798910e-01  1.486180e-18
1.896792e-01  1.400174e-18
2.000000e-01  1.287943e-18
2.108824e-01  1.190094e-18
2.223569e-01  1.077649e-18
2.344558e-01  9.678580e-19
2.472129e-01  8.691971e-19
2.606643e-01  7.741216e-19
2.748475e-01  7.013049e-19
2.898025e-01  6.485105e-19
3.055712e-01  6.035098e-19
3.221979e-01  5.906520e-19
3.397293e-01  5.863988e-19
3.582146e-01  6.073046e-19
3.777057e-01  6.409067e-19
3.982574e-01  6.949387e-19
4.199274e-01  7.685425e-19
4.427764e-01  8.619101e-19
4.668687e-01  9.637205e-19
4.922720e-01  1.107676e-18
5.190574e-01  1.221399e-18
5.473003e-01  1.384112e-18
5.770800e-01  1.520284e-18
6.084800e-01  1.711195e-18
6.415885e-01  1.900254e-18
6.764986e-01  2.095710e-18
7.133082e-01  2.252132e-18
7.521206e-01  2.438852e-18
7.930449e-01  2.620682e-18
8.361960e-01  2.831435e-18
8.816950e-01  3.074652e-18
9.296697e-01  3.328669e-18
9.802548e-01  3.645260e-18
1.033592e+00  3.902904e-18
1.089832e+00  4.259016e-18
1.149132e+00  4.503746e-18
1.211658e+00  4.850145e-18
1.277587e+00  5.211776e-18
1.347103e+00  5.681005e-18
1.420401e+00  6.131991e-18
1.497688e+00  6.684486e-18
1.579180e+00  7.235894e-18
1.665106e+00  7.906292e-18
1.755708e+00  8.590216e-18
1.851239e+00  9.389794e-18
1.951969e+00  1.023979e-17
2.058179e+00  1.116491e-17
2.170169e+00  1.222800e-17
2.288252e+00  1.316741e-17
2.412760e+00  1.431058e-17
2.544043e+00  1.503752e-17
2.682469e+00  1.581178e-17
2.828427e+00  1.578441e-17
2.982327e+00  1.564845e-17
3.144601e+00  1.641487e-17
3.315705e+00  1.745862e-17
3.496119e+00  1.902956e-17
3.686349e+00  2.099885e-17
3.886931e+00  2.288164e-17
4.098426e+00  2.515112e-17
4.321429e+00  2.745814e-17
4.556566e+00  3.004173e-17
4.804498e+00  3.284640e-17
5.065920e+00  3.557574e-17
5.341566e+00  3.862076e-17
5.632211e+00  4.163530e-17
5.938670e+00  4.536320e-17
6.261804e+00  4.785898e-17
6.602521e+00  5.060797e-17
6.961777e+00  5.106230e-17
7.340580e+00  5.088917e-17
7.739995e+00  4.955324e-17
8.161143e+00  4.745346e-17
8.605206e+00  4.432151e-17
9.073432e+00  4.003545e-17
9.567135e+00  3.490258e-17
1.008770e+01  2.803054e-17
1.063659e+01  1.932796e-17
1.121535e+01  1.188956e-17
1.182560e+01  7.105227e-18
1.246905e+01  3.535380e-18
1.314752e+01  5.446145e-19
1.386290e+01  1.012196e-69
1.461720e+01  1.315437e-69
1.541255e+01  1.669888e-69
1.625118e+01  2.120591e-69
1.713544e+01  2.606704e-69
1.806781e+01  3.171106e-69
1.905091e+01  3.825298e-69
2.008751e+01  4.582418e-69
2.118051e+01  5.457464e-69
2.233298e+01  6.550278e-69
2.354816e+01  7.726524e-69
2.482946e+01  9.081274e-69
2.618048e+01  1.064019e-68
2.760501e+01  1.243255e-68
2.910705e+01  1.465206e-68
3.069082e+01  1.703840e-68
3.236077e+01  1.977602e-68
3.412158e+01  2.118542e-68
3.597820e+01  2.233816e-68
