1.000000e-03  5.616401e-21
1.054412e-03  8.470474e-21
1.111784e-03  1.242168e-20
1.172279e-03  1.829276e-20
1.236065e-03  2.709253e-20
1.303321e-03  3.975028e-20
1.374238e-03  5.825568e-20
1.449012e-03  8.559072e-20
1.527856e-03  1.293528e-19
1.610989e-03  1.905062e-19
1.698646e-03  2.331832e-19
1.791073e-03  2.753336e-19
1.888529e-03  3.085279e-19
1.991287e-03  3.565493e-19
2.099637e-03  4.088387e-19
2.213882e-03  4.643590e-19
2.334344e-03  5.407824e-19
2.461360e-03  6.055748e-19
2.595287e-03  7.013714e-19
2.736502e-03  7.878600e-19
2.885400e-03  8.978857e-19
3.042400e-03  1.017619e-18
3.207943e-03  1.145971e-18
3.382493e-03  1.312797e-18
3.566541e-03  1.450042e-18
3.760603e-03  1.654060e-18
3.965225e-03  1.831810e-18
4.180980e-03  2.051449e-18
4.408475e-03  2.285541e-18
4.648349e-03  2.528930e-18
4.901274e-03  2.836758e-18
5.167962e-03  3.071908e-18
5.449160e-03  3.441020e-18
5.745660e-03  3.709588e-18
6.058292e-03  4.049709e-18
6.387935e-03  4.423697e-18
6.735515e-03  4.735500e-18
7.102007e-03  5.186511e-18
7.488441e-03  5.458159e-18
7.895901e-03  5.860063e-18
8.325532e-03  6.165742e-18
8.778540e-03  6.489945e-18
9.256197e-03  6.819697e-18
9.759844e-03  7.032459e-18
1.029090e-02  7.342803e-18
1.085084e-02  7.447505e-18
1.144126e-02  7.601709e-18
1.206380e-02  7.662684e-18
1.272021e-02  7.665168e-18
1.341234e-02  7.629732e-18
1.414214e-02  7.503941e-18
1.491164e-02  7.325568e-18
1.572301e-02  7.118932e-18
1.657853e-02  6.800078e-18
1.748059e-02  6.509642e-18
1.843175e-02  6.157277e-18
1.943465e-02  5.719002e-18
2.049213e-02  5.371465e-18
2.160715e-02  4.855630e-18
2.278283e-02  4.523515e-18
2.402249e-02  4.074511e-18
2.532960e-02  3.687088e-18
2.670783e-02  3.323154e-18
2.816105e-02  2.905356e-18
2.969335e-02  2.645284e-18
3.130902e-02  2.248489e-18
3.301261e-02  2.053105e-18
3.480888e-02  1.791496e-18
3.670290e-02  1.577573e-18
3.869998e-02  1.417354e-18
4.080572e-02  1.237469e-18
4.302603e-02  1.149337e-18
4.536716e-02  1.027511e-18
4.783567e-02  9.966316e-19
5.043850e-02  9.561369e-19
5.318296e-02  9.447479e-19
5.607674e-02  9.621513e-19
5.912799e-02  9.896212e-19
6.234525e-02  1.034380e-18
6.573758e-02  1.100754e-18
6.931448e-02  1.161786e-18
7.308602e-02  1.240698e-18
7.706277e-02  1.320292e-18
8.125590e-02  1.392702e-18
8.567719e-02  1.485533e-18
9.033905e-02  1.536805e-18
9.525456e-02  1.617554e-18
1.004375e-01  1.696474e-18
1.059025e-01  1.749110e-18
1.116649e-01  1.804510e-18
1.177408e-01  1.827012e-18
1.241473e-01  1.853126e-18
1.309024e-01  1.851703e-18
1.380250e-01  1.842693e-18
1.455352e-01  1.813687e-18
1.534541e-01  1.765238e-18
1.618038e-01  1.695891e-18
1.706079e-01  1.619831e-18
1.798910e-01  1.515345e-18
1.896792e-01  1.428265e-18
2.000000e-01  1.314627e-18
2.108824e-01  1.213740e-18
2.223569e-01  1.098627e-18
2.344558e-01  9.881075e-19
2.472129e-01  8.854479e-19
2.606643e-01  7.903868e-19
2.748475e-01  7.160696e-19
2.898025e-01  6.609377e-19
3.055712e-01  6.160448e-19
3.221979e-01  6.031408e-19
3.397293e-01  5.986863e-19
3.582146e-01  6.198627e-19
3.777057e-01  6.551846e-19
3.982574e-01  7.100038e-19
4.199274e-01  7.843171e-19
4.427764e-01  8.798244e-19
4.668687e-01  9.844858e-19
4.922720e-01  1.131844e-18
5.190574e-01  1.246478e-18
5.473003e-01  1.413812e-18
5.770800e-01  1.552193e-18
6.084800e-01  1.746192e-18
6.415885e-01  1.940527e-18
6.764986e-01  2.138837e-18
7.133082e-01  2.299948e-18
7.521206e-01  2.490104e-18
7.930449e-01  2.674007e-18
8.361960e-01  2.889931e-18
8.816950e-01  3.138360e-18
9.296697e-01  3.397881e-18
9.802548e-01  3.720481e-18
1.033592e+00  3.981662e-18
1.089832e+00  4.346551e-18
1.149132e+00  4.595745e-18
1.211658e+00  4.949193e-18
1.277587e+00  5.316729e-18
1.347103e+00  5.792753e-18
1.420401e+00  6.255124e-18
1.497688e+00  6.838290e-18
1.579180e+00  7.380793e-18
1.665106e+00  8.063034e-18
1.755708e+00  8.755177e-18
1.851239e+00  9.569039e-18
1.951969e+00  1.046959e-17
2.058179e+00  1.138025e-17
2.170169e+00  1.246558e-17
2.288252e+00  1.342265e-17
2.412760e+00  1.458876e-17
2.544043e+00  1.530242e-17
2.682469e+00  1.611763e-17
2.828427e+00  1.608446e-17
2.982327e+00  1.593809e-17
3.144601e+00  1.671542e-17
3.315705e+00  1.781094e-17
3.496119e+00  1.937533e-17
3.686349e+00  2.137752e-17
3.886931e+00  2.333170e-17
4.098426e+00  2.560195e-17
4.321429e+00  2.797942e-17
4.556566e+00  3.057417e-17
4.804498e+00  3.342672e-17
5.065920e+00  3.625703e-17
5.341566e+00  3.930560e-17
5.632211e+00  4.242142e-17
5.938670e+00  4.615343e-17
6.261804e+00  4.870547e-17
6.602521e+00  5.149077e-17
6.961777e+00  5.194933e-17
7.340580e+00  5.173274e-17
7.739995e+00  5.029836e-17
8.161143e+00  4.826150e-17
8.605206e+00  4.502070e-17
9.073432e+00  4.071945e-17
9.567135e+00  3.544967e-17
1.008770e+01  2.851067e-17
1.063659e+01  1.965645e-17
1.121535e+01  1.208860e-17
1.182560e+01  7.224147e-18
1.246905e+01  3.594736e-18
1.314752e+01  5.538480e-19
1.386290e+01  1.015503e-69
1.461720e+01  1.348792e-69
1.541255e+01  1.708695e-69
1.625118e+01  2.128318e-69
1.713544e+01  2.616531e-69
1.806781e+01  3.183469e-69
1.905091e+01  3.840713e-69
2.008751e+01  4.665508e-69
2.118051e+01  5.553900e-69
2.233298e+01  6.579446e-69
2.354816e+01  7.762016e-69
2.482946e+01  9.124287e-69
2.618048e+01  1.069213e-68
2.760501e+01  1.249506e-68
2.910705e+01  1.472816e-68
3.069082e+01  1.712947e-68
3.236077e+01  1.988474e-68
3.412158e+01  2.130243e-68
3.597820e+01  2.246154e-68
