1.000000e-03  4.752119e-21
1.054412e-03  7.109507e-21
1.111784e-03  1.032262e-20
1.172279e-03  1.565578e-20
1.236065e-03  2.282829e-20
1.303321e-03  3.331731e-20
1.374238e-03  5.032685e-20
1.449012e-03  7.301040e-20
1.527856e-03  1.074341e-19
1.610989e-03  1.609588e-19
1.698646e-03  1.956145e-19
1.791073e-03  2.322368e-19
1.888529e-03  2.597690e-19
1.991287e-03  2.985493e-19
2.099637e-03  3.444963e-19
2.213882e-03  3.902314e-19
2.334344e-03  4.558352e-19
2.461360e-03  5.095058e-19
2.595287e-03  5.878663e-19
2.736502e-03  6.633695e-19
2.885400e-03  7.538786e-19
3.042400e-03  8.521728e-19
3.207943e-03  9.632031e-19
3.382493e-03  1.099384e-18
3.566541e-03  1.224705e-18
3.760603e-03  1.392662e-18
3.965225e-03  1.531081e-18
4.180980e-03  1.730476e-18
4.408475e-03  1.922032e-18
4.648349e-03  2.110654e-18
4.901274e-03  2.388695e-18
5.167962e-03  2.580279e-18
5.449160e-03  2.898094e-18
5.745660e-03  3.121112e-18
6.058292e-03  3.396472e-18
6.387935e-03  3.721813e-18
6.735515e-03  3.979537e-18
7.102007e-03  4.349615e-18
7.488441e-03  4.587928e-18
7.895901e-03  4.917303e-18
8.325532e-03  5.187991e-18
8.778540e-03  5.449217e-18
9.256197e-03  5.717024e-18
9.759844e-03  5.911097e-18
1.029090e-02  6.159144e-18
1.085084e-02  6.242920e-18
1.144126e-02  6.382415e-18
1.206380e-02  6.428596e-18
1.272021e-02  6.429810e-18
1.341234e-02  6.401791e-18
1.414214e-02  6.301835e-18
1.491164e-02  6.139884e-18
1.572301e-02  5.972188e-18
1.657853e-02  5.709996e-18
1.748059e-02  5.453327e-18
1.843175e-02  5.163571e-18
1.943465e-02  4.787585e-18
2.049213e-02  4.499929e-18
2.160715e-02  4.078095e-18
2.278283e-02  3.786231e-18
2.402249e-02  3.417695e-18
2.532960e-02  3.077731e-18
2.670783e-02  2.783826e-18
2.816105e-02  2.443635e-18
2.969335e-02  2.207132e-18
3.130902e-02  1.889159e-18
3.301261e-02  1.731597e-18
3.480888e-02  1.495875e-18
3.670290e-02  1.328517e-18
3.869998e-02  1.183336e-18
4.080572e-02  1.035187e-18
4.302603e-02  9.698103e-19
4.536716e-02  8.607627e-19
4.783567e-02  8.350316e-19
5.043850e-02  8.070783e-19
5.318296e-02  7.929743e-19
5.607674e-02  8.072895e-19
5.912799e-02  8.318178e-19
6.234525e-02  8.689398e-19
6.573758e-02  9.232829e-19
6.931448e-02  9.764989e-19
7.308602e-02  1.041579e-18
7.706277e-02  1.106738e-18
8.125590e-02  1.170032e-18
8.567719e-02  1.247533e-18
9.033905e-02  1.291578e-18
9.525456e-02  1.355753e-18
1.004375e-01  1.424459e-18
1.059025e-01  1.465522e-18
1.116649e-01  1.513499e-18
1.177408e-01  1.531530e-18
1.241473e-01  1.554475e-18
1.309024e-01  1.553379e-18
1.380250e-01  1.544341e-18
1.455352e-01  1.521111e-18
1.534541e-01  1.481316e-18
1.618038e-01  1.422240e-18
1.706079e-01  1.360152e-18
1.798910e-01  1.267572e-18
1.896792e-01  1.195349e-18
2.000000e-01  1.101134e-18
2.108824e-01  1.014877e-18
2.223569e-01  9.203224e-19
2.344558e-01  8.274207e-19
2.472129e-01  7.412015e-19
2.606643e-01  6.600257e-19
2.748475e-01  5.953969e-19
2.898025e-01  5.502333e-19
3.055712e-01  5.134423e-19
3.221979e-01  5.009004e-19
3.397293e-01  4.970164e-19
3.582146e-01  5.140492e-19
3.777057e-01  5.426322e-19
3.982574e-01  5.871505e-19
4.199274e-01  6.500613e-19
4.427764e-01  7.306257e-19
4.668687e-01  8.154770e-19
4.922720e-01  9.388630e-19
5.190574e-01  1.033639e-18
5.473003e-01  1.169997e-18
5.770800e-01  1.286372e-18
6.084800e-01  1.450447e-18
6.415885e-01  1.613392e-18
6.764986e-01  1.777599e-18
7.133082e-01  1.912343e-18
7.521206e-01  2.068861e-18
7.930449e-01  2.224596e-18
8.361960e-01  2.403179e-18
8.816950e-01  2.612844e-18
9.296697e-01  2.828408e-18
9.802548e-01  3.085435e-18
1.033592e+00  3.322139e-18
1.089832e+00  3.624839e-18
1.149132e+00  3.837091e-18
1.211658e+00  4.132749e-18
1.277587e+00  4.429012e-18
1.347103e+00  4.843173e-18
1.420401e+00  5.215296e-18
1.497688e+00  5.706812e-18
1.579180e+00  6.190570e-18
1.665106e+00  6.747204e-18
1.755708e+00  7.353349e-18
1.851239e+00  8.016819e-18
1.951969e+00  8.778647e-18
2.058179e+00  9.549410e-18
2.170169e+00  1.045644e-17
2.288252e+00  1.126669e-17
2.412760e+00  1.224364e-17
2.544043e+00  1.291397e-17
2.682469e+00  1.361520e-17
2.828427e+00  1.357055e-17
2.982327e+00  1.349648e-17
3.144601e+00  1.413936e-17
3.315705e+00  1.505480e-17
3.496119e+00  1.642855e-17
3.686349e+00  1.815795e-17
3.886931e+00  1.979232e-17
4.098426e+00  2.176668e-17
4.321429e+00  2.375502e-17
4.556566e+00  2.602111e-17
4.804498e+00  2.840190e-17
5.065920e+00  3.080970e-17
5.341566e+00  3.338909e-17
5.632211e+00  3.614060e-17
5.938670e+00  3.940740e-17
6.261804e+00  4.158797e-17
6.602521e+00  4.410037e-17
6.961777e+00  4.461668e-17
7.340580e+00  4.466245e-17
7.739995e+00  4.352956e-17
8.161143e+00  4.180178e-17
8.605206e+00  3.900979e-17
9.073432e+00  3.532412e-17
9.567135e+00  3.062839e-17
1.008770e+01  2.468830e-17
1.063659e+01  1.698642e-17
1.121535e+01  1.053251e-17
1.182560e+01  6.224231e-18
1.246905e+01  3.096339e-18
1.314752e+01  7.794343e-19
1.386290e+01  9.139556e-70
1.461720e+01  1.198250e-69
1.541255e+01  1.561331e-69
1.625118e+01  1.952663e-69
1.713544e+01  2.407575e-69
1.806781e+01  2.981340e-69
1.905091e+01  3.598936e-69
2.008751e+01  4.373020e-69
2.118051e+01  5.205669e-69
2.233298e+01  6.165647e-69
2.354816e+01  7.360412e-69
2.482946e+01  8.644549e-69
2.618048e+01  1.012034e-68
2.760501e+01  1.194750e-68
2.910705e+01  1.391009e-68
3.069082e+01  1.616012e-68
3.236077e+01  1.893480e-68
3.412158e+01  2.028017e-68
3.597820e+01  2.138365e-68
