1.000000e-03  5.122753e-21
1.054412e-03  7.698976e-21
1.111784e-03  1.125082e-20
1.172279e-03  1.650204e-20
1.236065e-03  2.433684e-20
1.303321e-03  3.669257e-20
1.374238e-03  5.364189e-20
1.449012e-03  7.864969e-20
1.527856e-03  1.148596e-19
1.610989e-03  1.733001e-19
1.698646e-03  2.119298e-19
1.791073e-03  2.499202e-19
1.888529e-03  2.801717e-19
1.991287e-03  3.236986e-19
2.099637e-03  3.707889e-19
2.213882e-03  4.213407e-19
2.334344e-03  4.906609e-19
2.461360e-03  5.496974e-19
2.595287e-03  6.382830e-19
2.736502e-03  7.141963e-19
2.885400e-03  8.140332e-19
3.042400e-03  9.255418e-19
3.207943e-03  1.037501e-18
3.382493e-03  1.188332e-18
3.566541e-03  1.318016e-18
3.760603e-03  1.501274e-18
3.965225e-03  1.655983e-18
4.180980e-03  1.863414e-18
4.408475e-03  2.077792e-18
4.648349e-03  2.297836e-18
4.901274e-03  2.576190e-18
5.167962e-03  2.791183e-18
5.449160e-03  3.123364e-18
5.745660e-03  3.367091e-18
6.058292e-03  3.677017e-18
6.387935e-03  4.012854e-18
6.735515e-03  4.295151e-18
7.102007e-03  4.704841e-18
7.488441e-03  4.948667e-18
7.895901e-03  5.310257e-18
8.325532e-03  5.598019e-18
8.778540e-03  5.883610e-18
9.256197e-03  6.189298e-18
9.759844e-03  6.381544e-18
1.029090e-02  6.652857e-18
1.085084e-02  6.755705e-18
1.144126e-02  6.894466e-18
1.206380e-02  6.943469e-18
1.272021e-02  6.949810e-18
1.341234e-02  6.918382e-18
1.414214e-02  6.804042e-18
1.491164e-02  6.637861e-18
1.572301e-02  6.448672e-18
1.657853e-02  6.161273e-18
1.748059e-02  5.897645e-18
1.843175e-02  5.571012e-18
1.943465e-02  5.182272e-18
2.049213e-02  4.867544e-18
2.160715e-02  4.392673e-18
2.278283e-02  4.100346e-18
2.402249e-02  3.696119e-18
2.532960e-02  3.334440e-18
2.670783e-02  3.015535e-18
2.816105e-02  2.626376e-18
2.969335e-02  2.391460e-18
3.130902e-02  2.042588e-18
3.301261e-02  1.855655e-18
3.480888e-02  1.620409e-18
3.670290e-02  1.435961e-18
3.869998e-02  1.281688e-18
4.080572e-02  1.120383e-18
4.302603e-02  1.048058e-18
4.536716e-02  9.306415e-19
4.783567e-02  9.030429e-19
5.043850e-02  8.716370e-19
5.318296e-02  8.567019e-19
5.607674e-02  8.733845e-19
5.912799e-02  8.973804e-19
6.234525e-02  9.381449e-19
6.573758e-02  9.999233e-19
6.931448e-02  1.053385e-18
7.308602e-02  1.123983e-18
7.706277e-02  1.198064e-18
8.125590e-02  1.263627e-18
8.567719e-02  1.346681e-18
9.033905e-02  1.395106e-18
9.525456e-02  1.463934e-18
1.004375e-01  1.539276e-18
1.059025e-01  1.586844e-18
1.116649e-01  1.634919e-18
1.177408e-01  1.656928e-18
1.241473e-01  1.679562e-18
1.309024e-01  1.678280e-18
1.380250e-01  1.669124e-18
1.455352e-01  1.643366e-18
1.534541e-01  1.599828e-18
1.618038e-01  1.539066e-18
1.706079e-01  1.467682e-18
1.798910e-01  1.372312e-18
1.896792e-01  1.293568e-18
2.000000e-01  1.189101e-18
2.108824e-01  1.099038e-18
2.223569e-01  9.944803e-19
2.344558e-01  8.939460e-19
2.472129e-01  8.010045e-19
2.606643e-01  7.155312e-19
2.748475e-01  6.459299e-19
2.898025e-01  5.972590e-19
3.055712e-01  5.572796e-19
3.221979e-01  5.438160e-19
3.397293e-01  5.397200e-19
3.582146e-01  5.588508e-19
3.777057e-01  5.898219e-19
3.982574e-01  6.390572e-19
4.199274e-01  7.049107e-19
4.427764e-01  7.927062e-19
4.668687e-01  8.884479e-19
4.922720e-01  1.018974e-18
5.190574e-01  1.122255e-18
5.473003e-01  1.273014e-18
5.770800e-01  1.400013e-18
6.084800e-01  1.574326e-18
6.415885e-01  1.750005e-18
6.764986e-01  1.930830e-18
7.133082e-01  2.073976e-18
7.521206e-01  2.247327e-18
7.930449e-01  2.412305e-18
8.361960e-01  2.609610e-18
8.816950e-01  2.832483e-18
9.296697e-01  3.070295e-18
9.802548e-01  3.362954e-18
1.033592e+00  3.597575e-18
1.089832e+00  3.930178e-18
1.149132e+00  4.154982e-18
1.211658e+00  4.478810e-18
1.277587e+00  4.798521e-18
1.347103e+00  5.245607e-18
1.420401e+00  5.670526e-18
1.497688e+00  6.175752e-18
1.579180e+00  6.695153e-18
1.665106e+00  7.287362e-18
1.755708e+00  7.948285e-18
1.851239e+00  8.664415e-18
1.951969e+00  9.483002e-18
2.058179e+00  1.035283e-17
2.170169e+00  1.129835e-17
2.288252e+00  1.220056e-17
2.412760e+00  1.321106e-17
2.544043e+00  1.392889e-17
2.682469e+00  1.469574e-17
2.828427e+00  1.463438e-17
2.982327e+00  1.453887e-17
3.144601e+00  1.521742e-17
3.315705e+00  1.624525e-17
3.496119e+00  1.766420e-17
3.686349e+00  1.951021e-17
3.886931e+00  2.125624e-17
4.098426e+00  2.336787e-17
4.321429e+00  2.558810e-17
4.556566e+00  2.794091e-17
4.804498e+00  3.055799e-17
5.065920e+00  3.306512e-17
5.341566e+00  3.595084e-17
5.632211e+00  3.873816e-17
5.938670e+00  4.224772e-17
6.261804e+00  4.464192e-17
6.602521e+00  4.723410e-17
6.961777e+00  4.773523e-17
7.340580e+00  4.770465e-17
7.739995e+00  4.639405e-17
8.161143e+00  4.453830e-17
8.605206e+00  4.163593e-17
9.073432e+00  3.749612e-17
9.567135e+00  3.272557e-17
1.008770e+01  2.626115e-17
1.063659e+01  1.816259e-17
1.121535e+01  1.112716e-17
1.182560e+01  6.649470e-18
1.246905e+01  3.308106e-18
1.314752e+01  8.334241e-19
1.386290e+01  9.744423e-70
1.461720e+01  1.269727e-69
1.541255e+01  1.614741e-69
1.625118e+01  2.016865e-69
1.713544e+01  2.526029e-69
1.806781e+01  3.074625e-69
1.905091e+01  3.710177e-69
2.008751e+01  4.445341e-69
2.118051e+01  5.364969e-69
2.233298e+01  6.354479e-69
2.354816e+01  7.494652e-69
2.482946e+01  8.807093e-69
2.618048e+01  1.043586e-68
2.760501e+01  1.218673e-68
2.910705e+01  1.419683e-68
3.069082e+01  1.668069e-68
3.236077e+01  1.934918e-68
3.412158e+01  2.072606e-68
3.597820e+01  2.185381e-68
