1.000000e-03  4.320041e-21
1.054412e-03  6.481065e-21
1.111784e-03  9.410595e-21
1.172279e-03  1.411034e-20
1.236065e-03  2.057826e-20
1.303321e-03  3.094965e-20
1.374238e-03  4.499110e-20
1.449012e-03  6.731801e-20
1.527856e-03  9.776959e-20
1.610989e-03  1.466659e-19
1.698646e-03  1.788271e-19
1.791073e-03  2.103419e-19
1.888529e-03  2.370152e-19
1.991287e-03  2.729053e-19
2.099637e-03  3.133457e-19
2.213882e-03  3.565198e-19
2.334344e-03  4.122798e-19
2.461360e-03  4.629392e-19
2.595287e-03  5.366435e-19
2.736502e-03  5.993392e-19
2.885400e-03  6.868761e-19
3.042400e-03  7.775848e-19
3.207943e-03  8.746893e-19
3.382493e-03  1.003075e-18
3.566541e-03  1.105773e-18
3.760603e-03  1.268056e-18
3.965225e-03  1.398170e-18
4.180980e-03  1.570626e-18
4.408475e-03  1.752816e-18
4.648349e-03  1.925588e-18
4.901274e-03  2.173933e-18
5.167962e-03  2.354584e-18
5.449160e-03  2.629320e-18
5.745660e-03  2.844660e-18
6.058292e-03  3.097235e-18
6.387935e-03  3.373351e-18
6.735515e-03  3.625057e-18
7.102007e-03  3.957560e-18
7.488441e-03  4.172261e-18
7.895901e-03  4.479355e-18
8.325532e-03  4.704788e-18
8.778540e-03  4.960472e-18
9.256197e-03  5.205039e-18
9.759844e-03  5.375643e-18
1.029090e-02  5.604383e-18
1.085084e-02  5.679303e-18
1.144126e-02  5.806204e-18
1.206380e-02  5.845392e-18
1.272021e-02  5.849483e-18
1.341234e-02  5.819721e-18
1.414214e-02  5.726535e-18
1.491164e-02  5.589615e-18
1.572301e-02  5.426515e-18
1.657853e-02  5.199669e-18
1.748059e-02  4.959191e-18
1.843175e-02  4.686377e-18
1.943465e-02  4.366398e-18
2.049213e-02  4.085380e-18
2.160715e-02  3.699636e-18
2.278283e-02  3.443132e-18
2.402249e-02  3.099406e-18
2.532960e-02  2.813519e-18
2.670783e-02  2.526084e-18
2.816105e-02  2.214977e-18
2.969335e-02  2.007673e-18
3.130902e-02  1.713072e-18
3.301261e-02  1.569387e-18
3.480888e-02  1.362903e-18
3.670290e-02  1.204880e-18
3.869998e-02  1.088698e-18
4.080572e-02  9.403104e-19
4.302603e-02  8.801482e-19
4.536716e-02  7.839597e-19
4.783567e-02  7.587113e-19
5.043850e-02  7.333307e-19
5.318296e-02  7.208452e-19
5.607674e-02  7.350557e-19
5.912799e-02  7.552193e-19
6.234525e-02  7.911719e-19
6.573758e-02  8.413624e-19
6.931448e-02  8.879458e-19
7.308602e-02  9.486304e-19
7.706277e-02  1.006890e-18
8.125590e-02  1.064791e-18
8.567719e-02  1.133775e-18
9.033905e-02  1.174579e-18
9.525456e-02  1.232597e-18
1.004375e-01  1.296490e-18
1.059025e-01  1.332666e-18
1.116649e-01  1.376687e-18
1.177408e-01  1.392860e-18
1.241473e-01  1.413718e-18
1.309024e-01  1.412363e-18
1.380250e-01  1.404889e-18
1.455352e-01  1.382185e-18
1.534541e-01  1.346217e-18
1.618038e-01  1.292827e-18
1.706079e-01  1.234385e-18
1.798910e-01  1.154519e-18
1.896792e-01  1.085958e-18
2.000000e-01  9.995427e-19
2.108824e-01  9.233865e-19
2.223569e-01  8.352735e-19
2.344558e-01  7.489687e-19
2.472129e-01  6.724842e-19
2.606643e-01  5.971099e-19
2.748475e-01  5.423088e-19
2.898025e-01  4.974436e-19
3.055712e-01  4.643260e-19
3.221979e-01  4.524125e-19
3.397293e-01  4.491473e-19
3.582146e-01  4.637376e-19
3.777057e-01  4.903064e-19
3.982574e-01  5.298383e-19
4.199274e-01  5.864407e-19
4.427764e-01  6.573201e-19
4.668687e-01  7.369839e-19
4.922720e-01  8.444759e-19
5.190574e-01  9.330253e-19
5.473003e-01  1.056970e-18
5.770800e-01  1.161953e-18
6.084800e-01  1.311594e-18
6.415885e-01  1.453601e-18
6.764986e-01  1.605842e-18
7.133082e-01  1.724794e-18
7.521206e-01  1.869541e-18
7.930449e-01  2.009137e-18
8.361960e-01  2.173286e-18
8.816950e-01  2.359795e-18
9.296697e-01  2.559148e-18
9.802548e-01  2.793032e-18
1.033592e+00  3.003341e-18
1.089832e+00  3.282393e-18
1.149132e+00  3.470273e-18
1.211658e+00  3.745885e-18
1.277587e+00  4.008510e-18
1.347103e+00  4.393117e-18
1.420401e+00  4.729119e-18
1.497688e+00  5.178729e-18
1.579180e+00  5.603853e-18
1.665106e+00  6.117431e-18
1.755708e+00  6.687273e-18
1.851239e+00  7.272282e-18
1.951969e+00  7.990874e-18
2.058179e+00  8.665904e-18
2.170169e+00  9.527899e-18
2.288252e+00  1.023427e-17
2.412760e+00  1.115887e-17
2.544043e+00  1.169963e-17
2.682469e+00  1.239102e-17
2.828427e+00  1.237434e-17
2.982327e+00  1.230174e-17
3.144601e+00  1.292680e-17
3.315705e+00  1.375188e-17
3.496119e+00  1.503504e-17
3.686349e+00  1.654864e-17
3.886931e+00  1.809734e-17
4.098426e+00  1.988171e-17
4.321429e+00  2.173181e-17
4.556566e+00  2.376929e-17
4.804498e+00  2.598212e-17
5.065920e+00  2.826466e-17
5.341566e+00  3.056534e-17
5.632211e+00  3.313383e-17
5.938670e+00  3.599818e-17
6.261804e+00  3.819691e-17
6.602521e+00  4.040406e-17
6.961777e+00  4.105963e-17
7.340580e+00  4.116385e-17
7.739995e+00  4.017184e-17
8.161143e+00  3.849202e-17
8.605206e+00  3.608826e-17
9.073432e+00  3.256989e-17
9.567135e+00  2.856860e-17
1.008770e+01  2.275696e-17
1.063659e+01  1.588848e-17
1.121535e+01  9.702217e-18
1.182560e+01  5.879902e-18
1.246905e+01  2.851939e-18
1.314752e+01  7.171082e-19
1.386290e+01  8.531639e-70
1.461720e+01  1.125949e-69
1.541255e+01  1.474382e-69
1.625118e+01  1.849657e-69
1.713544e+01  2.324598e-69
1.806781e+01  2.835649e-69
1.905091e+01  3.477785e-69
2.008751e+01  4.168227e-69
2.118051e+01  5.030817e-69
2.233298e+01  5.957734e-69
2.354816e+01  7.110430e-69
2.482946e+01  8.348463e-69
2.618048e+01  9.882271e-69
2.760501e+01  1.152892e-68
2.910705e+01  1.356262e-68
3.069082e+01  1.574510e-68
3.236077e+01  1.843358e-68
3.412158e+01  1.974091e-68
3.597820e+01  2.081505e-68
