1.000000e-03  4.009198e-21
1.054412e-03  6.001094e-21
1.111784e-03  8.919525e-21
1.172279e-03  1.295329e-20
1.236065e-03  1.937740e-20
1.303321e-03  2.830445e-20
1.374238e-03  4.230882e-20
1.449012e-03  6.114651e-20
1.527856e-03  9.119635e-20
1.610989e-03  1.357889e-19
1.698646e-03  1.664229e-19
1.791073e-03  1.957261e-19
1.888529e-03  2.200267e-19
1.991287e-03  2.534198e-19
2.099637e-03  2.897187e-19
2.213882e-03  3.300672e-19
2.334344e-03  3.838455e-19
2.461360e-03  4.312056e-19
2.595287e-03  4.987392e-19
2.736502e-03  5.573493e-19
2.885400e-03  6.366706e-19
3.042400e-03  7.237695e-19
3.207943e-03  8.143875e-19
3.382493e-03  9.318405e-19
3.566541e-03  1.028022e-18
3.760603e-03  1.174778e-18
3.965225e-03  1.296684e-18
4.180980e-03  1.461565e-18
4.408475e-03  1.627991e-18
4.648349e-03  1.789575e-18
4.901274e-03  2.013403e-18
5.167962e-03  2.183227e-18
5.449160e-03  2.445275e-18
5.745660e-03  2.641506e-18
6.058292e-03  2.878765e-18
6.387935e-03  3.136057e-18
6.735515e-03  3.364225e-18
7.102007e-03  3.674672e-18
7.488441e-03  3.879523e-18
7.895901e-03  4.161027e-18
8.325532e-03  4.371939e-18
8.778540e-03  4.603059e-18
9.256197e-03  4.832823e-18
9.759844e-03  4.994206e-18
1.029090e-02  5.203755e-18
1.085084e-02  5.274706e-18
1.144126e-02  5.389054e-18
1.206380e-02  5.428268e-18
1.272021e-02  5.425948e-18
1.341234e-02  5.402370e-18
1.414214e-02  5.314223e-18
1.491164e-02  5.185958e-18
1.572301e-02  5.037886e-18
1.657853e-02  4.826219e-18
1.748059e-02  4.596943e-18
1.843175e-02  4.346390e-18
1.943465e-02  4.048253e-18
2.049213e-02  3.793461e-18
2.160715e-02  3.433664e-18
2.278283e-02  3.208952e-18
2.402249e-02  2.873688e-18
2.532960e-02  2.607010e-18
2.670783e-02  2.346745e-18
2.816105e-02  2.055680e-18
2.969335e-02  1.876567e-18
3.130902e-02  1.588647e-18
3.301261e-02  1.453561e-18
3.480888e-02  1.262090e-18
3.670290e-02  1.117702e-18
3.869998e-02  1.008753e-18
4.080572e-02  8.756483e-19
4.302603e-02  8.158088e-19
4.536716e-02  7.271037e-19
4.783567e-02  7.040454e-19
5.043850e-02  6.802218e-19
5.318296e-02  6.694560e-19
5.607674e-02  6.825892e-19
5.912799e-02  7.017325e-19
6.234525e-02  7.343017e-19
6.573758e-02  7.811551e-19
6.931448e-02  8.228388e-19
7.308602e-02  8.792654e-19
7.706277e-02  9.361641e-19
8.125590e-02  9.884069e-19
8.567719e-02  1.053548e-18
9.033905e-02  1.091360e-18
9.525456e-02  1.145002e-18
1.004375e-01  1.204310e-18
1.059025e-01  1.237631e-18
1.116649e-01  1.278122e-18
1.177408e-01  1.292959e-18
1.241473e-01  1.311995e-18
1.309024e-01  1.310106e-18
1.380250e-01  1.303504e-18
1.455352e-01  1.282864e-18
1.534541e-01  1.249135e-18
1.618038e-01  1.199031e-18
1.706079e-01  1.146532e-18
1.798910e-01  1.069558e-18
1.896792e-01  1.007120e-18
2.000000e-01  9.256953e-19
2.108824e-01  8.581555e-19
2.223569e-01  7.737461e-19
2.344558e-01  6.951078e-19
2.472129e-01  6.217242e-19
2.606643e-01  5.523115e-19
2.748475e-01  5.011361e-19
2.898025e-01  4.602419e-19
3.055712e-01  4.287887e-19
3.221979e-01  4.178904e-19
3.397293e-01  4.140815e-19
3.582146e-01  4.281542e-19
3.777057e-01  4.502870e-19
3.982574e-01  4.886357e-19
4.199274e-01  5.403897e-19
4.427764e-01  6.055227e-19
4.668687e-01  6.795541e-19
4.922720e-01  7.783073e-19
5.190574e-01  8.604780e-19
5.473003e-01  9.728612e-19
5.770800e-01  1.073634e-18
6.084800e-01  1.202702e-18
6.415885e-01  1.342518e-18
6.764986e-01  1.479188e-18
7.133082e-01  1.592090e-18
7.521206e-01  1.724965e-18
7.930449e-01  1.852892e-18
8.361960e-01  2.009050e-18
8.816950e-01  2.177533e-18
9.296697e-01  2.367318e-18
9.802548e-01  2.571572e-18
1.033592e+00  2.778685e-18
1.089832e+00  3.025519e-18
1.149132e+00  3.210892e-18
1.211658e+00  3.465251e-18
1.277587e+00  3.711446e-18
1.347103e+00  4.069710e-18
1.420401e+00  4.375587e-18
1.497688e+00  4.805088e-18
1.579180e+00  5.175056e-18
1.665106e+00  5.679302e-18
1.755708e+00  6.150475e-18
1.851239e+00  6.758035e-18
1.951969e+00  7.405170e-18
2.058179e+00  8.055620e-18
2.170169e+00  8.855941e-18
2.288252e+00  9.514857e-18
2.412760e+00  1.036590e-17
2.544043e+00  1.088068e-17
2.682469e+00  1.151857e-17
2.828427e+00  1.152951e-17
2.982327e+00  1.146364e-17
3.144601e+00  1.199697e-17
3.315705e+00  1.282728e-17
3.496119e+00  1.399813e-17
3.686349e+00  1.542408e-17
3.886931e+00  1.689421e-17
4.098426e+00  1.849808e-17
4.321429e+00  2.031056e-17
4.556566e+00  2.212422e-17
4.804498e+00  2.429083e-17
5.065920e+00  2.621996e-17
5.341566e+00  2.857048e-17
5.632211e+00  3.085347e-17
5.938670e+00  3.364312e-17
6.261804e+00  3.571543e-17
6.602521e+00  3.779108e-17
6.961777e+00  3.840765e-17
7.340580e+00  3.864208e-17
7.739995e+00  3.761514e-17
8.161143e+00  3.623036e-17
8.605206e+00  3.378494e-17
9.073432e+00  3.075827e-17
9.567135e+00  2.675883e-17
1.008770e+01  2.134045e-17
1.063659e+01  1.487270e-17
1.121535e+01  9.090149e-18
1.182560e+01  5.508636e-18
1.246905e+01  2.671479e-18
1.314752e+01  6.710890e-19
1.386290e+01  7.975590e-70
1.461720e+01  1.085721e-69
1.541255e+01  1.425172e-69
1.625118e+01  1.790554e-69
1.713544e+01  2.252826e-69
1.806781e+01  2.749953e-69
1.905091e+01  3.374326e-69
2.008751e+01  4.045281e-69
2.118051e+01  4.883097e-69
2.233298e+01  5.856292e-69
2.354816e+01  6.901184e-69
2.482946e+01  8.197106e-69
2.618048e+01  9.587865e-69
2.760501e+01  1.130680e-68
2.910705e+01  1.329305e-68
3.069082e+01  1.542340e-68
3.236077e+01  1.804542e-68
3.412158e+01  1.932336e-68
3.597820e+01  2.037478e-68
