1.000000e-03  3.553462e-21
1.054412e-03  5.159305e-21
1.111784e-03  7.632701e-21
1.172279e-03  1.127096e-20
1.236065e-03  1.679292e-20
1.303321e-03  2.438170e-20
1.374238e-03  3.635823e-20
1.449012e-03  5.350631e-20
1.527856e-03  7.933104e-20
1.610989e-03  1.179327e-19
1.698646e-03  1.439361e-19
1.791073e-03  1.697113e-19
1.888529e-03  1.892526e-19
1.991287e-03  2.187221e-19
2.099637e-03  2.509825e-19
2.213882e-03  2.866418e-19
2.334344e-03  3.326446e-19
2.461360e-03  3.704826e-19
2.595287e-03  4.299775e-19
2.736502e-03  4.825723e-19
2.885400e-03  5.526122e-19
3.042400e-03  6.269625e-19
3.207943e-03  7.001428e-19
3.382493e-03  8.027368e-19
3.566541e-03  8.895581e-19
3.760603e-03  1.018542e-18
3.965225e-03  1.126361e-18
4.180980e-03  1.254986e-18
4.408475e-03  1.401901e-18
4.648349e-03  1.547569e-18
4.901274e-03  1.744175e-18
5.167962e-03  1.894970e-18
5.449160e-03  2.104188e-18
5.745660e-03  2.274367e-18
6.058292e-03  2.487854e-18
6.387935e-03  2.715183e-18
6.735515e-03  2.916651e-18
7.102007e-03  3.184895e-18
7.488441e-03  3.341195e-18
7.895901e-03  3.594509e-18
8.325532e-03  3.782908e-18
8.778540e-03  3.985218e-18
9.256197e-03  4.183299e-18
9.759844e-03  4.305384e-18
1.029090e-02  4.495384e-18
1.085084e-02  4.561292e-18
1.144126e-02  4.659339e-18
1.206380e-02  4.691150e-18
1.272021e-02  4.691266e-18
1.341234e-02  4.671520e-18
1.414214e-02  4.593366e-18
1.491164e-02  4.478914e-18
1.572301e-02  4.346532e-18
1.657853e-02  4.172654e-18
1.748059e-02  3.981809e-18
1.843175e-02  3.756504e-18
1.943465e-02  3.493399e-18
2.049213e-02  3.268179e-18
2.160715e-02  2.972146e-18
2.278283e-02  2.769231e-18
2.402249e-02  2.485172e-18
2.532960e-02  2.248295e-18
2.670783e-02  2.019980e-18
2.816105e-02  1.781101e-18
2.969335e-02  1.619049e-18
3.130902e-02  1.376083e-18
3.301261e-02  1.253294e-18
3.480888e-02  1.086553e-18
3.670290e-02  9.698218e-19
3.869998e-02  8.706740e-19
4.080572e-02  7.550563e-19
4.302603e-02  7.038604e-19
4.536716e-02  6.275492e-19
4.783567e-02  6.101345e-19
5.043850e-02  5.875072e-19
5.318296e-02  5.785588e-19
5.607674e-02  5.897245e-19
5.912799e-02  6.071154e-19
6.234525e-02  6.346846e-19
6.573758e-02  6.744452e-19
6.931448e-02  7.117484e-19
7.308602e-02  7.617044e-19
7.706277e-02  8.100272e-19
8.125590e-02  8.562099e-19
8.567719e-02  9.096924e-19
9.033905e-02  9.423832e-19
9.525456e-02  9.910893e-19
1.004375e-01  1.039601e-18
1.059025e-01  1.070591e-18
1.116649e-01  1.103842e-18
1.177408e-01  1.117811e-18
1.241473e-01  1.133989e-18
1.309024e-01  1.132220e-18
1.380250e-01  1.126145e-18
1.455352e-01  1.108438e-18
1.534541e-01  1.079129e-18
1.618038e-01  1.036257e-18
1.706079e-01  9.881320e-19
1.798910e-01  9.227027e-19
1.896792e-01  8.715036e-19
2.000000e-01  7.998578e-19
2.108824e-01  7.386669e-19
2.223569e-01  6.656315e-19
2.344558e-01  5.995001e-19
2.472129e-01  5.364625e-19
2.606643e-01  4.753789e-19
2.748475e-01  4.296607e-19
2.898025e-01  3.939546e-19
3.055712e-01  3.666551e-19
3.221979e-01  3.583136e-19
3.397293e-01  3.535175e-19
3.582146e-01  3.647263e-19
3.777057e-01  3.841918e-19
3.982574e-01  4.164148e-19
4.199274e-01  4.583953e-19
4.427764e-01  5.151488e-19
4.668687e-01  5.751204e-19
4.922720e-01  6.630474e-19
5.190574e-01  7.331582e-19
5.473003e-01  8.289889e-19
5.770800e-01  9.098990e-19
6.084800e-01  1.027501e-18
6.415885e-01  1.143182e-18
6.764986e-01  1.259150e-18
7.133082e-01  1.358669e-18
7.521206e-01  1.468045e-18
7.930449e-01  1.582511e-18
8.361960e-01  1.709239e-18
8.816950e-01  1.861450e-18
9.296697e-01  2.021443e-18
9.802548e-01  2.201397e-18
1.033592e+00  2.375285e-18
1.089832e+00  2.593806e-18
1.149132e+00  2.747103e-18
1.211658e+00  2.963202e-18
1.277587e+00  3.185893e-18
1.347103e+00  3.481484e-18
1.420401e+00  3.760353e-18
1.497688e+00  4.114840e-18
1.579180e+00  4.453089e-18
1.665106e+00  4.883096e-18
1.755708e+00  5.302290e-18
1.851239e+00  5.816601e-18
1.951969e+00  6.381210e-18
2.058179e+00  6.944899e-18
2.170169e+00  7.621953e-18
2.288252e+00  8.231606e-18
2.412760e+00  8.937156e-18
2.544043e+00  9.403858e-18
2.682469e+00  9.975801e-18
2.828427e+00  9.977241e-18
2.982327e+00  9.932763e-18
3.144601e+00  1.042820e-17
3.315705e+00  1.114145e-17
3.496119e+00  1.212821e-17
3.686349e+00  1.341179e-17
3.886931e+00  1.467685e-17
4.098426e+00  1.614328e-17
4.321429e+00  1.763835e-17
4.556566e+00  1.931329e-17
4.804498e+00  2.113276e-17
5.065920e+00  2.290471e-17
5.341566e+00  2.493734e-17
5.632211e+00  2.683850e-17
5.938670e+00  2.939448e-17
6.261804e+00  3.105850e-17
6.602521e+00  3.309508e-17
6.961777e+00  3.371042e-17
7.340580e+00  3.400454e-17
7.739995e+00  3.319671e-17
8.161143e+00  3.188237e-17
8.605206e+00  2.981557e-17
9.073432e+00  2.705432e-17
9.567135e+00  2.353373e-17
1.008770e+01  1.920471e-17
1.063659e+01  1.310986e-17
1.121535e+01  8.282738e-18
1.182560e+01  4.840635e-18
1.246905e+01  2.346861e-18
1.314752e+01  5.883446e-19
1.386290e+01  7.137639e-70
1.461720e+01  9.845999e-70
1.541255e+01  1.303474e-69
1.625118e+01  1.646319e-69
1.713544e+01  2.080014e-69
1.806781e+01  2.586691e-69
1.905091e+01  3.177401e-69
2.008751e+01  3.864811e-69
2.118051e+01  4.602431e-69
2.233298e+01  5.520143e-69
2.354816e+01  6.583479e-69
2.482946e+01  7.814061e-69
2.618048e+01  9.236636e-69
2.760501e+01  1.076130e-68
2.910705e+01  1.263998e-68
3.069082e+01  1.480601e-68
3.236077e+01  1.730145e-68
3.412158e+01  1.852318e-68
3.597820e+01  1.953106e-68
