1.000000e-03  2.489389e-21
1.054412e-03  3.702537e-21
1.111784e-03  5.438942e-21
1.172279e-03  8.148787e-21
1.236065e-03  1.194595e-20
1.303321e-03  1.753860e-20
1.374238e-03  2.644489e-20
1.449012e-03  3.867482e-20
1.527856e-03  5.688203e-20
1.610989e-03  8.306062e-20
1.698646e-03  1.030864e-19
1.791073e-03  1.213027e-19
1.888529e-03  1.368595e-19
1.991287e-03  1.581061e-19
2.099637e-03  1.805472e-19
2.213882e-03  2.048532e-19
2.334344e-03  2.384441e-19
2.461360e-03  2.680357e-19
2.595287e-03  3.103951e-19
2.736502e-03  3.466421e-19
2.885400e-03  3.967667e-19
3.042400e-03  4.505372e-19
3.207943e-03  5.055730e-19
3.382493e-03  5.784661e-19
3.566541e-03  6.379977e-19
3.760603e-03  7.339356e-19
3.965225e-03  8.088978e-19
4.180980e-03  9.049278e-19
4.408475e-03  1.009021e-18
4.648349e-03  1.117811e-18
4.901274e-03  1.255815e-18
5.167962e-03  1.359573e-18
5.449160e-03  1.509876e-18
5.745660e-03  1.641862e-18
6.058292e-03  1.795957e-18
6.387935e-03  1.953593e-18
6.735515e-03  2.090781e-18
7.102007e-03  2.283001e-18
7.488441e-03  2.412368e-18
7.895901e-03  2.590342e-18
8.325532e-03  2.719489e-18
8.778540e-03  2.856029e-18
9.256197e-03  3.007007e-18
9.759844e-03  3.103163e-18
1.029090e-02  3.233548e-18
1.085084e-02  3.278294e-18
1.144126e-02  3.351473e-18
1.206380e-02  3.373704e-18
1.272021e-02  3.372924e-18
1.341234e-02  3.358244e-18
1.414214e-02  3.304578e-18
1.491164e-02  3.220048e-18
1.572301e-02  3.127798e-18
1.657853e-02  2.995180e-18
1.748059e-02  2.863230e-18
1.843175e-02  2.695101e-18
1.943465e-02  2.510797e-18
2.049213e-02  2.356700e-18
2.160715e-02  2.133454e-18
2.278283e-02  1.983825e-18
2.402249e-02  1.780449e-18
2.532960e-02  1.617104e-18
2.670783e-02  1.462405e-18
2.816105e-02  1.279920e-18
2.969335e-02  1.156218e-18
3.130902e-02  9.870047e-19
3.301261e-02  9.029572e-19
3.480888e-02  7.910239e-19
3.670290e-02  6.932123e-19
3.869998e-02  6.219434e-19
4.080572e-02  5.425216e-19
4.302603e-02  5.077248e-19
4.536716e-02  4.517716e-19
4.783567e-02  4.373392e-19
5.043850e-02  4.221129e-19
5.318296e-02  4.161513e-19
5.607674e-02  4.238637e-19
5.912799e-02  4.366322e-19
6.234525e-02  4.568170e-19
6.573758e-02  4.859080e-19
6.931448e-02  5.115823e-19
7.308602e-02  5.488937e-19
7.706277e-02  5.823153e-19
8.125590e-02  6.140589e-19
8.567719e-02  6.547978e-19
9.033905e-02  6.780001e-19
9.525456e-02  7.131706e-19
1.004375e-01  7.473220e-19
1.059025e-01  7.699478e-19
1.116649e-01  7.935473e-19
1.177408e-01  8.041235e-19
1.241473e-01  8.147863e-19
1.309024e-01  8.137283e-19
1.380250e-01  8.090969e-19
1.455352e-01  7.958009e-19
1.534541e-01  7.742440e-19
1.618038e-01  7.435874e-19
1.706079e-01  7.103352e-19
1.798910e-01  6.632376e-19
1.896792e-01  6.228969e-19
2.000000e-01  5.717919e-19
2.108824e-01  5.289157e-19
2.223569e-01  4.781378e-19
2.344558e-01  4.269334e-19
2.472129e-01  3.816253e-19
2.606643e-01  3.384550e-19
2.748475e-01  3.046023e-19
2.898025e-01  2.788662e-19
3.055712e-01  2.575565e-19
3.221979e-01  2.501515e-19
3.397293e-01  2.462165e-19
3.582146e-01  2.530173e-19
3.777057e-01  2.659237e-19
3.982574e-01  2.875008e-19
4.199274e-01  3.159773e-19
4.427764e-01  3.554308e-19
4.668687e-01  3.980371e-19
4.922720e-01  4.577740e-19
5.190574e-01  5.037901e-19
5.473003e-01  5.721795e-19
5.770800e-01  6.300374e-19
6.084800e-01  7.097429e-19
6.415885e-01  7.924281e-19
6.764986e-01  8.712491e-19
7.133082e-01  9.412903e-19
7.521206e-01  1.019489e-18
7.930449e-01  1.099782e-18
8.361960e-01  1.188598e-18
8.816950e-01  1.296229e-18
9.296697e-01  1.406267e-18
9.802548e-01  1.536398e-18
1.033592e+00  1.654850e-18
1.089832e+00  1.802629e-18
1.149132e+00  1.920656e-18
1.211658e+00  2.076191e-18
1.277587e+00  2.234834e-18
1.347103e+00  2.445298e-18
1.420401e+00  2.646977e-18
1.497688e+00  2.905075e-18
1.579180e+00  3.149727e-18
1.665106e+00  3.446151e-18
1.755708e+00  3.760548e-18
1.851239e+00  4.124612e-18
1.951969e+00  4.516412e-18
2.058179e+00  4.934025e-18
2.170169e+00  5.405842e-18
2.288252e+00  5.849617e-18
2.412760e+00  6.386226e-18
2.544043e+00  6.746855e-18
2.682469e+00  7.148005e-18
2.828427e+00  7.158821e-18
2.982327e+00  7.157075e-18
3.144601e+00  7.536281e-18
3.315705e+00  8.054269e-18
3.496119e+00  8.793253e-18
3.686349e+00  9.731021e-18
3.886931e+00  1.062974e-17
4.098426e+00  1.170170e-17
4.321429e+00  1.279576e-17
4.556566e+00  1.403832e-17
4.804498e+00  1.540669e-17
5.065920e+00  1.670502e-17
5.341566e+00  1.813249e-17
5.632211e+00  1.962746e-17
5.938670e+00  2.147699e-17
6.261804e+00  2.280758e-17
6.602521e+00  2.432140e-17
6.961777e+00  2.485051e-17
7.340580e+00  2.529136e-17
7.739995e+00  2.469287e-17
8.161143e+00  2.379754e-17
8.605206e+00  2.224782e-17
9.073432e+00  2.027227e-17
9.567135e+00  1.778913e-17
1.008770e+01  1.429932e-17
1.063659e+01  9.859553e-18
1.121535e+01  6.267498e-18
1.182560e+01  3.675873e-18
1.246905e+01  1.860931e-18
1.314752e+01  4.331702e-19
1.386290e+01  5.199899e-70
1.461720e+01  7.521687e-70
1.541255e+01  1.049568e-69
1.625118e+01  1.373277e-69
1.713544e+01  1.751679e-69
1.806781e+01  2.228988e-69
1.905091e+01  2.747342e-69
2.008751e+01  3.349112e-69
2.118051e+01  4.046505e-69
2.233298e+01  4.914664e-69
2.354816e+01  5.855587e-69
2.482946e+01  6.941297e-69
2.618048e+01  8.283783e-69
2.760501e+01  9.737232e-69
2.910705e+01  1.140899e-68
3.069082e+01  1.333021e-68
3.236077e+01  1.569085e-68
3.412158e+01  1.679162e-68
3.597820e+01  1.770529e-68
