1.000000e-03  1.921740e-21
1.054412e-03  2.929628e-21
1.111784e-03  4.405353e-21
1.172279e-03  6.360853e-21
1.236065e-03  9.491128e-21
1.303321e-03  1.415601e-20
1.374238e-03  2.045471e-20
1.449012e-03  3.066971e-20
1.527856e-03  4.558155e-20
1.610989e-03  6.592930e-20
1.698646e-03  8.210154e-20
1.791073e-03  9.535214e-20
1.888529e-03  1.081924e-19
1.991287e-03  1.256623e-19
2.099637e-03  1.426024e-19
2.213882e-03  1.629471e-19
2.334344e-03  1.895787e-19
2.461360e-03  2.112381e-19
2.595287e-03  2.461000e-19
2.736502e-03  2.764698e-19
2.885400e-03  3.130457e-19
3.042400e-03  3.565531e-19
3.207943e-03  4.023718e-19
3.382493e-03  4.581100e-19
3.566541e-03  5.083478e-19
3.760603e-03  5.830877e-19
3.965225e-03  6.392409e-19
4.180980e-03  7.192594e-19
4.408475e-03  8.050058e-19
4.648349e-03  8.821378e-19
4.901274e-03  9.958586e-19
5.167962e-03  1.083093e-18
5.449160e-03  1.198777e-18
5.745660e-03  1.303056e-18
6.058292e-03  1.428504e-18
6.387935e-03  1.548341e-18
6.735515e-03  1.663604e-18
7.102007e-03  1.818807e-18
7.488441e-03  1.910302e-18
7.895901e-03  2.057356e-18
8.325532e-03  2.164487e-18
8.778540e-03  2.270255e-18
9.256197e-03  2.387381e-18
9.759844e-03  2.466680e-18
1.029090e-02  2.567192e-18
1.085084e-02  2.605397e-18
1.144126e-02  2.655906e-18
1.206380e-02  2.678584e-18
1.272021e-02  2.678695e-18
1.341234e-02  2.667848e-18
1.414214e-02  2.622875e-18
1.491164e-02  2.556681e-18
1.572301e-02  2.488195e-18
1.657853e-02  2.377973e-18
1.748059e-02  2.267872e-18
1.843175e-02  2.149410e-18
1.943465e-02  1.996026e-18
2.049213e-02  1.866701e-18
2.160715e-02  1.695068e-18
2.278283e-02  1.577364e-18
2.402249e-02  1.411779e-18
2.532960e-02  1.287767e-18
2.670783e-02  1.158010e-18
2.816105e-02  1.010889e-18
2.969335e-02  9.239537e-19
3.130902e-02  7.841397e-19
3.301261e-02  7.133293e-19
3.480888e-02  6.267652e-19
3.670290e-02  5.509630e-19
3.869998e-02  4.922393e-19
4.080572e-02  4.312063e-19
4.302603e-02  4.017231e-19
4.536716e-02  3.579334e-19
4.783567e-02  3.477260e-19
5.043850e-02  3.347748e-19
5.318296e-02  3.305157e-19
5.607674e-02  3.365703e-19
5.912799e-02  3.465345e-19
6.234525e-02  3.624112e-19
6.573758e-02  3.857339e-19
6.931448e-02  4.071216e-19
7.308602e-02  4.334586e-19
7.706277e-02  4.622255e-19
8.125590e-02  4.880225e-19
8.567719e-02  5.197616e-19
9.033905e-02  5.384107e-19
9.525456e-02  5.652499e-19
1.004375e-01  5.937854e-19
1.059025e-01  6.102635e-19
1.116649e-01  6.302359e-19
1.177408e-01  6.377883e-19
1.241473e-01  6.466254e-19
1.309024e-01  6.457053e-19
1.380250e-01  6.423578e-19
1.455352e-01  6.315083e-19
1.534541e-01  6.138828e-19
1.618038e-01  5.907636e-19
1.706079e-01  5.624076e-19
1.798910e-01  5.245142e-19
1.896792e-01  4.948137e-19
2.000000e-01  4.525947e-19
2.108824e-01  4.181812e-19
2.223569e-01  3.776561e-19
2.344558e-01  3.370615e-19
2.472129e-01  3.006888e-19
2.606643e-01  2.659273e-19
2.748475e-01  2.391153e-19
2.898025e-01  2.176950e-19
3.055712e-01  2.007760e-19
3.221979e-01  1.941058e-19
3.397293e-01  1.904570e-19
3.582146e-01  1.949938e-19
3.777057e-01  2.045563e-19
3.982574e-01  2.205579e-19
4.199274e-01  2.421305e-19
4.427764e-01  2.727713e-19
4.668687e-01  3.048307e-19
4.922720e-01  3.505609e-19
5.190574e-01  3.878343e-19
5.473003e-01  4.382067e-19
5.770800e-01  4.830615e-19
6.084800e-01  5.471024e-19
6.415885e-01  6.064060e-19
6.764986e-01  6.715197e-19
7.133082e-01  7.242818e-19
7.521206e-01  7.848826e-19
7.930449e-01  8.479555e-19
8.361960e-01  9.156186e-19
8.816950e-01  1.001708e-18
9.296697e-01  1.086315e-18
9.802548e-01  1.187853e-18
1.033592e+00  1.283308e-18
1.089832e+00  1.395590e-18
1.149132e+00  1.491107e-18
1.211658e+00  1.611889e-18
1.277587e+00  1.733118e-18
1.347103e+00  1.907666e-18
1.420401e+00  2.055042e-18
1.497688e+00  2.264938e-18
1.579180e+00  2.459040e-18
1.665106e+00  2.692268e-18
1.755708e+00  2.948906e-18
1.851239e+00  3.220897e-18
1.951969e+00  3.542530e-18
2.058179e+00  3.887844e-18
2.170169e+00  4.245957e-18
2.288252e+00  4.614157e-18
2.412760e+00  5.046490e-18
2.544043e+00  5.306548e-18
2.682469e+00  5.636950e-18
2.828427e+00  5.669415e-18
2.982327e+00  5.676491e-18
3.144601e+00  5.977173e-18
3.315705e+00  6.399565e-18
3.496119e+00  7.006638e-18
3.686349e+00  7.723431e-18
3.886931e+00  8.472810e-18
4.098426e+00  9.344983e-18
4.321429e+00  1.020964e-17
4.556566e+00  1.123330e-17
4.804498e+00  1.228867e-17
5.065920e+00  1.333479e-17
5.341566e+00  1.453710e-17
5.632211e+00  1.565208e-17
5.938670e+00  1.719262e-17
6.261804e+00  1.825347e-17
6.602521e+00  1.949799e-17
6.961777e+00  2.003405e-17
7.340580e+00  2.045523e-17
7.739995e+00  1.996074e-17
8.161143e+00  1.925165e-17
8.605206e+00  1.806038e-17
9.073432e+00  1.639145e-17
9.567135e+00  1.451290e-17
1.008770e+01  1.173418e-17
1.063659e+01  8.022949e-18
1.121535e+01  5.222419e-18
1.182560e+01  3.038838e-18
1.246905e+01  1.501640e-18
1.314752e+01  3.478949e-19
1.386290e+01  3.946803e-70
1.461720e+01  6.215893e-70
1.541255e+01  8.683456e-70
1.625118e+01  1.182676e-69
1.713544e+01  1.552692e-69
1.806781e+01  1.953995e-69
1.905091e+01  2.457688e-69
2.008751e+01  3.046178e-69
2.118051e+01  3.683266e-69
2.233298e+01  4.474840e-69
2.354816e+01  5.394828e-69
2.482946e+01  6.389497e-69
2.618048e+01  7.616466e-69
2.760501e+01  9.037058e-69
2.910705e+01  1.057148e-68
3.069082e+01  1.245423e-68
3.236077e+01  1.462788e-68
3.412158e+01  1.564939e-68
3.597820e+01  1.650090e-68
