1.000000e-03  1.682342e-21
1.054412e-03  2.552667e-21
1.111784e-03  3.817819e-21
1.172279e-03  5.646360e-21
1.236065e-03  8.364910e-21
1.303321e-03  1.238291e-20
1.374238e-03  1.834782e-20
1.449012e-03  2.721674e-20
1.527856e-03  3.942158e-20
1.610989e-03  5.832845e-20
1.698646e-03  7.227858e-20
1.791073e-03  8.422819e-20
1.888529e-03  9.540675e-20
1.991287e-03  1.104871e-19
2.099637e-03  1.261589e-19
2.213882e-03  1.434546e-19
2.334344e-03  1.663318e-19
2.461360e-03  1.869408e-19
2.595287e-03  2.170451e-19
2.736502e-03  2.421002e-19
2.885400e-03  2.767144e-19
3.042400e-03  3.145833e-19
3.207943e-03  3.535832e-19
3.382493e-03  4.043718e-19
3.566541e-03  4.480670e-19
3.760603e-03  5.124015e-19
3.965225e-03  5.638166e-19
4.180980e-03  6.329842e-19
4.408475e-03  7.064577e-19
4.648349e-03  7.796064e-19
4.901274e-03  8.748883e-19
5.167962e-03  9.490631e-19
5.449160e-03  1.058175e-18
5.745660e-03  1.148971e-18
6.058292e-03  1.249436e-18
6.387935e-03  1.365579e-18
6.735515e-03  1.465669e-18
7.102007e-03  1.598988e-18
7.488441e-03  1.683746e-18
7.895901e-03  1.810585e-18
8.325532e-03  1.902113e-18
8.778540e-03  2.002131e-18
9.256197e-03  2.100014e-18
9.759844e-03  2.167096e-18
1.029090e-02  2.261858e-18
1.085084e-02  2.295616e-18
1.144126e-02  2.339471e-18
1.206380e-02  2.359184e-18
1.272021e-02  2.359458e-18
1.341234e-02  2.348736e-18
1.414214e-02  2.309815e-18
1.491164e-02  2.253001e-18
1.572301e-02  2.187654e-18
1.657853e-02  2.095219e-18
1.748059e-02  2.001075e-18
1.843175e-02  1.888797e-18
1.943465e-02  1.755318e-18
2.049213e-02  1.651433e-18
2.160715e-02  1.489845e-18
2.278283e-02  1.387143e-18
2.402249e-02  1.244345e-18
2.532960e-02  1.131809e-18
2.670783e-02  1.019317e-18
2.816105e-02  8.929032e-19
2.969335e-02  8.104797e-19
3.130902e-02  6.920142e-19
3.301261e-02  6.316860e-19
3.480888e-02  5.500228e-19
3.670290e-02  4.841959e-19
3.869998e-02  4.375085e-19
4.080572e-02  3.789873e-19
4.302603e-02  3.532660e-19
4.536716e-02  3.154464e-19
4.783567e-02  3.059023e-19
5.043850e-02  2.946522e-19
5.318296e-02  2.910505e-19
5.607674e-02  2.962508e-19
5.912799e-02  3.048145e-19
6.234525e-02  3.190506e-19
6.573758e-02  3.400762e-19
6.931448e-02  3.577108e-19
7.308602e-02  3.824021e-19
7.706277e-02  4.074470e-19
8.125590e-02  4.299931e-19
8.567719e-02  4.576488e-19
9.033905e-02  4.740776e-19
9.525456e-02  4.983086e-19
1.004375e-01  5.224974e-19
1.059025e-01  5.375130e-19
1.116649e-01  5.546963e-19
1.177408e-01  5.615376e-19
1.241473e-01  5.694546e-19
1.309024e-01  5.685697e-19
1.380250e-01  5.651134e-19
1.455352e-01  5.557223e-19
1.534541e-01  5.410444e-19
1.618038e-01  5.194655e-19
1.706079e-01  4.947940e-19
1.798910e-01  4.617421e-19
1.896792e-01  4.350453e-19
2.000000e-01  3.985227e-19
2.108824e-01  3.678686e-19
2.223569e-01  3.310526e-19
2.344558e-01  2.974103e-19
2.472129e-01  2.642902e-19
2.606643e-01  2.329920e-19
2.748475e-01  2.087753e-19
2.898025e-01  1.903706e-19
3.055712e-01  1.748168e-19
3.221979e-01  1.686669e-19
3.397293e-01  1.652091e-19
3.582146e-01  1.690297e-19
3.777057e-01  1.767640e-19
3.982574e-01  1.905806e-19
4.199274e-01  2.096795e-19
4.427764e-01  2.345982e-19
4.668687e-01  2.626052e-19
4.922720e-01  3.030961e-19
5.190574e-01  3.349262e-19
5.473003e-01  3.789171e-19
5.770800e-01  4.170805e-19
6.084800e-01  4.717085e-19
6.415885e-01  5.252811e-19
6.764986e-01  5.805482e-19
7.133082e-01  6.248635e-19
7.521206e-01  6.792603e-19
7.930449e-01  7.337668e-19
8.361960e-01  7.931087e-19
8.816950e-01  8.665450e-19
9.296697e-01  9.407519e-19
9.802548e-01  1.031724e-18
1.033592e+00  1.113439e-18
1.089832e+00  1.212361e-18
1.149132e+00  1.294482e-18
1.211658e+00  1.401491e-18
1.277587e+00  1.509027e-18
1.347103e+00  1.655657e-18
1.420401e+00  1.793120e-18
1.497688e+00  1.974637e-18
1.579180e+00  2.146463e-18
1.665106e+00  2.350073e-18
1.755708e+00  2.570783e-18
1.851239e+00  2.822441e-18
1.951969e+00  3.102564e-18
2.058179e+00  3.384742e-18
2.170169e+00  3.721290e-18
2.288252e+00  4.041687e-18
2.412760e+00  4.412454e-18
2.544043e+00  4.656438e-18
2.682469e+00  4.949573e-18
2.828427e+00  4.976732e-18
2.982327e+00  4.989871e-18
3.144601e+00  5.252115e-18
3.315705e+00  5.637071e-18
3.496119e+00  6.167409e-18
3.686349e+00  6.823687e-18
3.886931e+00  7.456578e-18
4.098426e+00  8.221990e-18
4.321429e+00  9.023062e-18
4.556566e+00  9.916175e-18
4.804498e+00  1.081118e-17
5.065920e+00  1.176930e-17
5.341566e+00  1.281800e-17
5.632211e+00  1.386260e-17
5.938670e+00  1.516253e-17
6.261804e+00  1.610278e-17
6.602521e+00  1.726765e-17
6.961777e+00  1.775040e-17
7.340580e+00  1.817277e-17
7.739995e+00  1.775408e-17
8.161143e+00  1.710374e-17
8.605206e+00  1.603884e-17
9.073432e+00  1.463597e-17
9.567135e+00  1.284152e-17
1.008770e+01  1.041110e-17
1.063659e+01  7.186545e-18
1.121535e+01  4.667425e-18
1.182560e+01  2.759504e-18
1.246905e+01  1.418716e-18
1.314752e+01  3.077292e-19
1.386290e+01  3.203500e-70
1.461720e+01  5.322331e-70
1.541255e+01  7.833656e-70
1.625118e+01  1.079833e-69
1.713544e+01  1.428616e-69
1.806781e+01  1.837715e-69
1.905091e+01  2.316300e-69
2.008751e+01  2.874880e-69
2.118051e+01  3.478907e-69
2.233298e+01  4.228689e-69
2.354816e+01  5.099114e-69
2.482946e+01  6.108108e-69
2.618048e+01  7.276179e-69
2.760501e+01  8.626792e-69
2.910705e+01  1.018678e-68
3.069082e+01  1.198684e-68
3.236077e+01  1.406204e-68
3.412158e+01  1.504154e-68
3.597820e+01  1.585998e-68
