1.000000e-03  1.746001e-21
1.054412e-03  2.572070e-21
1.111784e-03  3.852794e-21
1.172279e-03  5.734392e-21
1.236065e-03  8.460078e-21
1.303321e-03  1.251057e-20
1.374238e-03  1.857919e-20
1.449012e-03  2.764804e-20
1.527856e-03  3.997312e-20
1.610989e-03  5.914042e-20
1.698646e-03  7.335817e-20
1.791073e-03  8.570607e-20
1.888529e-03  9.679594e-20
1.991287e-03  1.120688e-19
2.099637e-03  1.280981e-19
2.213882e-03  1.457088e-19
2.334344e-03  1.687449e-19
2.461360e-03  1.896313e-19
2.595287e-03  2.205093e-19
2.736502e-03  2.460497e-19
2.885400e-03  2.807474e-19
3.042400e-03  3.191610e-19
3.207943e-03  3.594610e-19
3.382493e-03  4.105370e-19
3.566541e-03  4.545927e-19
3.760603e-03  5.199674e-19
3.965225e-03  5.737814e-19
4.180980e-03  6.423768e-19
4.408475e-03  7.168499e-19
4.648349e-03  7.911998e-19
4.901274e-03  8.917958e-19
5.167962e-03  9.632998e-19
5.449160e-03  1.073978e-18
5.745660e-03  1.166230e-18
6.058292e-03  1.269593e-18
6.387935e-03  1.386118e-18
6.735515e-03  1.487761e-18
7.102007e-03  1.623384e-18
7.488441e-03  1.711876e-18
7.895901e-03  1.838169e-18
8.325532e-03  1.931130e-18
8.778540e-03  2.032861e-18
9.256197e-03  2.132421e-18
9.759844e-03  2.200492e-18
1.029090e-02  2.296906e-18
1.085084e-02  2.330944e-18
1.144126e-02  2.375677e-18
1.206380e-02  2.396083e-18
1.272021e-02  2.396437e-18
1.341234e-02  2.384290e-18
1.414214e-02  2.345696e-18
1.491164e-02  2.288661e-18
1.572301e-02  2.222360e-18
1.657853e-02  2.124578e-18
1.748059e-02  2.032874e-18
1.843175e-02  1.919040e-18
1.943465e-02  1.783364e-18
2.049213e-02  1.669297e-18
2.160715e-02  1.513786e-18
2.278283e-02  1.409565e-18
2.402249e-02  1.264279e-18
2.532960e-02  1.147958e-18
2.670783e-02  1.035827e-18
2.816105e-02  9.073596e-19
2.969335e-02  8.234837e-19
3.130902e-02  7.029285e-19
3.301261e-02  6.419402e-19
3.480888e-02  5.589167e-19
3.670290e-02  4.918670e-19
3.869998e-02  4.443538e-19
4.080572e-02  3.850265e-19
4.302603e-02  3.588722e-19
4.536716e-02  3.204058e-19
4.783567e-02  3.107445e-19
5.043850e-02  2.992102e-19
5.318296e-02  2.955203e-19
5.607674e-02  3.012380e-19
5.912799e-02  3.094340e-19
6.234525e-02  3.238968e-19
6.573758e-02  3.452749e-19
6.931448e-02  3.642940e-19
7.308602e-02  3.882122e-19
7.706277e-02  4.136412e-19
8.125590e-02  4.369190e-19
8.567719e-02  4.646849e-19
9.033905e-02  4.813262e-19
9.525456e-02  5.059545e-19
1.004375e-01  5.305639e-19
1.059025e-01  5.461032e-19
1.116649e-01  5.633267e-19
1.177408e-01  5.702976e-19
1.241473e-01  5.782646e-19
1.309024e-01  5.774342e-19
1.380250e-01  5.740482e-19
1.455352e-01  5.645421e-19
1.534541e-01  5.492614e-19
1.618038e-01  5.277168e-19
1.706079e-01  5.027496e-19
1.798910e-01  4.691970e-19
1.896792e-01  4.412280e-19
2.000000e-01  4.049793e-19
2.108824e-01  3.738974e-19
2.223569e-01  3.365081e-19
2.344558e-01  3.013541e-19
2.472129e-01  2.686755e-19
2.606643e-01  2.368792e-19
2.748475e-01  2.122837e-19
2.898025e-01  1.932181e-19
3.055712e-01  1.778194e-19
3.221979e-01  1.715374e-19
3.397293e-01  1.680707e-19
3.582146e-01  1.722258e-19
3.777057e-01  1.798369e-19
3.982574e-01  1.938473e-19
4.199274e-01  2.133709e-19
4.427764e-01  2.398319e-19
4.668687e-01  2.672173e-19
4.922720e-01  3.083136e-19
5.190574e-01  3.406872e-19
5.473003e-01  3.864289e-19
5.770800e-01  4.245361e-19
6.084800e-01  4.798406e-19
6.415885e-01  5.343332e-19
6.764986e-01  5.912256e-19
7.133082e-01  6.358998e-19
7.521206e-01  6.909304e-19
7.930449e-01  7.462627e-19
8.361960e-01  8.084741e-19
8.816950e-01  8.818208e-19
9.296697e-01  9.567570e-19
9.802548e-01  1.049077e-18
1.033592e+00  1.133661e-18
1.089832e+00  1.233352e-18
1.149132e+00  1.316354e-18
1.211658e+00  1.424605e-18
1.277587e+00  1.535238e-18
1.347103e+00  1.684856e-18
1.420401e+00  1.822527e-18
1.497688e+00  2.006503e-18
1.579180e+00  2.182052e-18
1.665106e+00  2.389313e-18
1.755708e+00  2.611756e-18
1.851239e+00  2.867372e-18
1.951969e+00  3.152066e-18
2.058179e+00  3.443554e-18
2.170169e+00  3.780694e-18
2.288252e+00  4.105531e-18
2.412760e+00  4.482950e-18
2.544043e+00  4.728007e-18
2.682469e+00  5.029350e-18
2.828427e+00  5.054319e-18
2.982327e+00  5.066246e-18
3.144601e+00  5.341229e-18
3.315705e+00  5.722158e-18
3.496119e+00  6.258471e-18
3.686349e+00  6.925740e-18
3.886931e+00  7.591551e-18
4.098426e+00  8.346101e-18
4.321429e+00  9.155195e-18
4.556566e+00  1.006145e-17
4.804498e+00  1.099321e-17
5.065920e+00  1.194174e-17
5.341566e+00  1.300700e-17
5.632211e+00  1.406770e-17
5.938670e+00  1.543377e-17
6.261804e+00  1.634106e-17
6.602521e+00  1.752844e-17
6.961777e+00  1.801760e-17
7.340580e+00  1.841744e-17
7.739995e+00  1.801797e-17
8.161143e+00  1.736339e-17
8.605206e+00  1.628323e-17
9.073432e+00  1.481620e-17
9.567135e+00  1.304131e-17
1.008770e+01  1.057410e-17
1.063659e+01  7.298183e-18
1.121535e+01  4.694276e-18
1.182560e+01  2.800750e-18
1.246905e+01  1.439962e-18
1.314752e+01  3.124519e-19
1.386290e+01  3.374683e-70
1.461720e+01  5.523264e-70
1.541255e+01  8.069338e-70
1.625118e+01  1.083267e-69
1.713544e+01  1.433329e-69
1.806781e+01  1.844002e-69
1.905091e+01  2.324514e-69
2.008751e+01  2.885440e-69
2.118051e+01  3.538897e-69
2.233298e+01  4.298761e-69
2.354816e+01  5.119812e-69
2.482946e+01  6.133741e-69
2.618048e+01  7.307733e-69
2.760501e+01  8.665431e-69
2.910705e+01  1.023388e-68
3.069082e+01  1.204402e-68
3.236077e+01  1.413122e-68
3.412158e+01  1.511585e-68
3.597820e+01  1.593833e-68
