1.000000e-03  1.631248e-21
1.054412e-03  2.467712e-21
1.111784e-03  3.598139e-21
1.172279e-03  5.337639e-21
1.236065e-03  7.879003e-21
1.303321e-03  1.162463e-20
1.374238e-03  1.717826e-20
1.449012e-03  2.544877e-20
1.527856e-03  3.772536e-20
1.610989e-03  5.568079e-20
1.698646e-03  6.853317e-20
1.791073e-03  8.042714e-20
1.888529e-03  9.105482e-20
1.991287e-03  1.052364e-19
2.099637e-03  1.201293e-19
2.213882e-03  1.368488e-19
2.334344e-03  1.585065e-19
2.461360e-03  1.779468e-19
2.595287e-03  2.065449e-19
2.736502e-03  2.312274e-19
2.885400e-03  2.641363e-19
3.042400e-03  2.987505e-19
3.207943e-03  3.357357e-19
3.382493e-03  3.860175e-19
3.566541e-03  4.272609e-19
3.760603e-03  4.881588e-19
3.965225e-03  5.380957e-19
4.180980e-03  6.037181e-19
4.408475e-03  6.732620e-19
4.648349e-03  7.423352e-19
4.901274e-03  8.353805e-19
5.167962e-03  9.060835e-19
5.449160e-03  1.006860e-18
5.745660e-03  1.091817e-18
6.058292e-03  1.192455e-18
6.387935e-03  1.302812e-18
6.735515e-03  1.397838e-18
7.102007e-03  1.524128e-18
7.488441e-03  1.606305e-18
7.895901e-03  1.726633e-18
8.325532e-03  1.813238e-18
8.778540e-03  1.907666e-18
9.256197e-03  2.003256e-18
9.759844e-03  2.065626e-18
1.029090e-02  2.154772e-18
1.085084e-02  2.185851e-18
1.144126e-02  2.230955e-18
1.206380e-02  2.249753e-18
1.272021e-02  2.250192e-18
1.341234e-02  2.239028e-18
1.414214e-02  2.202097e-18
1.491164e-02  2.148328e-18
1.572301e-02  2.086612e-18
1.657853e-02  1.996072e-18
1.748059e-02  1.908438e-18
1.843175e-02  1.802646e-18
1.943465e-02  1.677397e-18
2.049213e-02  1.572912e-18
2.160715e-02  1.419445e-18
2.278283e-02  1.321765e-18
2.402249e-02  1.186282e-18
2.532960e-02  1.078013e-18
2.670783e-02  9.711533e-19
2.816105e-02  8.514042e-19
2.969335e-02  7.733422e-19
3.130902e-02  6.596758e-19
3.301261e-02  6.025676e-19
3.480888e-02  5.255579e-19
3.670290e-02  4.637635e-19
3.869998e-02  4.165676e-19
4.080572e-02  3.610012e-19
4.302603e-02  3.365009e-19
4.536716e-02  3.006324e-19
4.783567e-02  2.915395e-19
5.043850e-02  2.808511e-19
5.318296e-02  2.774105e-19
5.607674e-02  2.824747e-19
5.912799e-02  2.905728e-19
6.234525e-02  3.040152e-19
6.573758e-02  3.237889e-19
6.931448e-02  3.412818e-19
7.308602e-02  3.647211e-19
7.706277e-02  3.884647e-19
8.125590e-02  4.101233e-19
8.567719e-02  4.363413e-19
9.033905e-02  4.518706e-19
9.525456e-02  4.746856e-19
1.004375e-01  4.981278e-19
1.059025e-01  5.125943e-19
1.116649e-01  5.288993e-19
1.177408e-01  5.354410e-19
1.241473e-01  5.428466e-19
1.309024e-01  5.420790e-19
1.380250e-01  5.388216e-19
1.455352e-01  5.299743e-19
1.534541e-01  5.154679e-19
1.618038e-01  4.949330e-19
1.706079e-01  4.714744e-19
1.798910e-01  4.402351e-19
1.896792e-01  4.142298e-19
2.000000e-01  3.798104e-19
2.108824e-01  3.508397e-19
2.223569e-01  3.161630e-19
2.344558e-01  2.828328e-19
2.472129e-01  2.512686e-19
2.606643e-01  2.214558e-19
2.748475e-01  1.983736e-19
2.898025e-01  1.807785e-19
3.055712e-01  1.659347e-19
3.221979e-01  1.599305e-19
3.397293e-01  1.566030e-19
3.582146e-01  1.601803e-19
3.777057e-01  1.673567e-19
3.982574e-01  1.802364e-19
4.199274e-01  1.980996e-19
4.427764e-01  2.223631e-19
4.668687e-01  2.488282e-19
4.922720e-01  2.870137e-19
5.190574e-01  3.154952e-19
5.473003e-01  3.588897e-19
5.770800e-01  3.948902e-19
6.084800e-01  4.462838e-19
6.415885e-01  4.965106e-19
6.764986e-01  5.486338e-19
7.133082e-01  5.921968e-19
7.521206e-01  6.435706e-19
7.930449e-01  6.949620e-19
8.361960e-01  7.524866e-19
8.816950e-01  8.221163e-19
9.296697e-01  8.904910e-19
9.802548e-01  9.755741e-19
1.033592e+00  1.052721e-18
1.089832e+00  1.150201e-18
1.149132e+00  1.227849e-18
1.211658e+00  1.328802e-18
1.277587e+00  1.431185e-18
1.347103e+00  1.573355e-18
1.420401e+00  1.704032e-18
1.497688e+00  1.874956e-18
1.579180e+00  2.030776e-18
1.665106e+00  2.233906e-18
1.755708e+00  2.442845e-18
1.851239e+00  2.680344e-18
1.951969e+00  2.943983e-18
2.058179e+00  3.224000e-18
2.170169e+00  3.544480e-18
2.288252e+00  3.849722e-18
2.412760e+00  4.203458e-18
2.544043e+00  4.432493e-18
2.682469e+00  4.710591e-18
2.828427e+00  4.736828e-18
2.982327e+00  4.750682e-18
3.144601e+00  5.009478e-18
3.315705e+00  5.376704e-18
3.496119e+00  5.880262e-18
3.686349e+00  6.502828e-18
3.886931e+00  7.121559e-18
4.098426e+00  7.851096e-18
4.321429e+00  8.586823e-18
4.556566e+00  9.423334e-18
4.804498e+00  1.032403e-17
5.065920e+00  1.123579e-17
5.341566e+00  1.223039e-17
5.632211e+00  1.321813e-17
5.938670e+00  1.448685e-17
6.261804e+00  1.538440e-17
6.602521e+00  1.649748e-17
6.961777e+00  1.697294e-17
7.340580e+00  1.736754e-17
7.739995e+00  1.696875e-17
8.161143e+00  1.635144e-17
8.605206e+00  1.534128e-17
9.073432e+00  1.397290e-17
9.567135e+00  1.225994e-17
1.008770e+01  9.947198e-18
1.063659e+01  6.886806e-18
1.121535e+01  4.458595e-18
1.182560e+01  2.639767e-18
1.246905e+01  1.357084e-18
1.314752e+01  2.940385e-19
1.386290e+01  3.017414e-70
1.461720e+01  5.094019e-70
1.541255e+01  7.554889e-70
1.625118e+01  1.045940e-69
1.713544e+01  1.387560e-69
1.806781e+01  1.788148e-69
1.905091e+01  2.256635e-69
2.008751e+01  2.803248e-69
2.118051e+01  3.439698e-69
2.233298e+01  4.179385e-69
2.354816e+01  5.037641e-69
2.482946e+01  6.032006e-69
2.618048e+01  7.182539e-69
2.760501e+01  8.512173e-69
2.910705e+01  1.004712e-68
3.069082e+01  1.181735e-68
3.236077e+01  1.385708e-68
3.412158e+01  1.482140e-68
3.597820e+01  1.562786e-68
