# Photo-pion interaction rate with the cosmic infrared and optical background radiation lower limit model of Kneiske et al. 2010
# log10(gamma)	1/lambda_proton [1/Mpc]	1/lambda_neutron [1/Mpc]
6.00	0.000000e+00	0.000000e+00
6.04	0.000000e+00	0.000000e+00
6.08	0.000000e+00	0.000000e+00
6.12	0.000000e+00	0.000000e+00
6.16	0.000000e+00	0.000000e+00
6.20	0.000000e+00	0.000000e+00
6.24	0.000000e+00	0.000000e+00
6.28	0.000000e+00	0.000000e+00
6.32	0.000000e+00	0.000000e+00
6.36	0.000000e+00	0.000000e+00
6.40	0.000000e+00	0.000000e+00
6.44	0.000000e+00	0.000000e+00
6.48	0.000000e+00	0.000000e+00
6.52	0.000000e+00	0.000000e+00
6.56	0.000000e+00	0.000000e+00
6.60	0.000000e+00	0.000000e+00
6.64	0.000000e+00	0.000000e+00
6.68	0.000000e+00	0.000000e+00
6.72	0.000000e+00	0.000000e+00
6.76	0.000000e+00	0.000000e+00
6.80	0.000000e+00	0.000000e+00
6.84	0.000000e+00	0.000000e+00
6.88	1.957789e-12	1.816770e-12
6.92	2.109914e-11	2.069229e-11
6.96	8.564911e-11	8.547222e-11
7.00	2.362359e-10	2.378258e-10
7.04	5.298977e-10	5.363723e-10
7.08	1.050467e-09	1.067723e-09
7.12	1.926406e-09	1.964960e-09
7.16	3.348872e-09	3.427041e-09
7.20	5.569304e-09	5.717812e-09
7.24	8.847171e-09	9.110379e-09
7.28	1.342673e-08	1.385994e-08
7.32	1.955878e-08	2.022772e-08
7.36	2.752232e-08	2.850541e-08
7.40	3.762774e-08	3.901672e-08
7.44	5.018493e-08	5.208072e-08
7.48	6.541185e-08	6.791562e-08
7.52	8.349881e-08	8.670060e-08
7.56	1.046944e-07	1.086649e-07
7.60	1.293743e-07	1.341663e-07
7.64	1.581459e-07	1.638018e-07
7.68	1.919496e-07	1.985068e-07
7.72	2.320025e-07	2.395018e-07
7.76	2.795835e-07	2.880857e-07
7.80	3.363090e-07	3.459230e-07
7.84	4.039753e-07	4.148714e-07
7.88	4.840766e-07	4.964726e-07
7.92	5.780243e-07	5.921749e-07
7.96	6.871958e-07	7.033858e-07
8.00	8.123808e-07	8.308994e-07
8.04	9.537163e-07	9.747948e-07
8.08	1.111552e-06	1.135349e-06
8.12	1.286025e-06	1.312604e-06
8.16	1.476291e-06	1.505511e-06
8.20	1.681198e-06	1.712657e-06
8.24	1.899510e-06	1.932578e-06
8.28	2.128977e-06	2.162731e-06
8.32	2.366839e-06	2.399972e-06
8.36	2.610438e-06	2.641318e-06
8.40	2.855950e-06	2.882638e-06
8.44	3.098920e-06	3.119095e-06
8.48	3.335411e-06	3.346361e-06
8.52	3.561659e-06	3.560576e-06
8.56	3.774725e-06	3.758805e-06
8.60	3.973099e-06	3.939423e-06
8.64	4.155766e-06	4.101618e-06
8.68	4.322298e-06	4.245388e-06
8.72	4.473419e-06	4.371720e-06
8.76	4.610568e-06	4.482475e-06
8.80	4.736099e-06	4.580745e-06
8.84	4.854546e-06	4.671763e-06
8.88	4.973207e-06	4.763599e-06
8.92	5.100961e-06	4.866198e-06
8.96	5.247835e-06	4.990697e-06
9.00	5.424429e-06	5.148651e-06
9.04	5.640232e-06	5.350319e-06
9.08	5.902074e-06	5.603036e-06
9.12	6.215617e-06	5.912744e-06
9.16	6.587090e-06	6.285783e-06
9.20	7.020244e-06	6.725737e-06
9.24	7.515095e-06	7.232162e-06
9.28	8.068039e-06	7.800475e-06
9.32	8.670521e-06	8.420486e-06
9.36	9.311998e-06	9.079705e-06
9.40	9.984080e-06	9.767552e-06
9.44	1.068088e-05	1.047605e-05
9.48	1.140270e-05	1.120383e-05
9.52	1.216246e-05	1.196243e-05
9.56	1.298650e-05	1.277801e-05
9.60	1.391722e-05	1.369423e-05
9.64	1.502564e-05	1.478409e-05
9.68	1.640561e-05	1.614494e-05
9.72	1.819791e-05	1.792349e-05
9.76	2.060276e-05	2.032805e-05
9.80	2.389068e-05	2.364144e-05
9.84	2.838769e-05	2.820550e-05
9.88	3.447865e-05	3.442322e-05
9.92	4.259738e-05	4.274934e-05
9.96	5.318249e-05	5.364332e-05
10.00	6.666543e-05	6.755699e-05
10.04	8.340575e-05	8.486669e-05
10.08	1.036100e-04	1.057855e-04
10.12	1.272872e-04	1.303145e-04
10.16	1.542625e-04	1.582538e-04
10.20	1.841257e-04	1.891472e-04
10.24	2.162112e-04	2.222563e-04
10.28	2.497152e-04	2.566822e-04
10.32	2.837353e-04	2.914119e-04
10.36	3.173851e-04	3.254467e-04
10.40	3.499057e-04	3.579211e-04
10.44	3.806693e-04	3.881184e-04
10.48	4.091756e-04	4.154788e-04
10.52	4.350704e-04	4.396039e-04
10.56	4.580621e-04	4.601945e-04
10.60	4.778497e-04	4.769791e-04
10.64	4.942160e-04	4.897995e-04
10.68	5.070054e-04	4.985789e-04
10.72	5.161869e-04	5.034102e-04
10.76	5.218932e-04	5.045734e-04
10.80	5.243385e-04	5.024382e-04
10.84	5.238056e-04	4.974455e-04
10.88	5.206052e-04	4.900395e-04
10.92	5.150189e-04	4.806101e-04
10.96	5.072890e-04	4.694827e-04
11.00	4.976446e-04	4.569365e-04
11.04	4.863195e-04	4.432270e-04
11.08	4.737564e-04	4.288041e-04
11.12	4.606925e-04	4.144208e-04
11.16	4.477132e-04	4.006758e-04
11.20	4.350882e-04	3.878243e-04
11.24	4.229297e-04	3.759200e-04
11.28	4.112479e-04	3.649052e-04
11.32	4.000166e-04	3.546843e-04
11.36	3.892373e-04	3.451832e-04
11.40	3.789012e-04	3.363271e-04
11.44	3.690466e-04	3.280862e-04
11.48	3.598542e-04	3.205736e-04
11.52	3.513804e-04	3.138158e-04
11.56	3.435710e-04	3.077477e-04
11.60	3.364277e-04	3.023002e-04
11.64	3.299590e-04	2.974128e-04
11.68	3.241152e-04	2.930216e-04
11.72	3.188268e-04	2.890646e-04
11.76	3.140336e-04	2.854943e-04
11.80	3.096901e-04	2.822786e-04
11.84	3.057529e-04	2.793864e-04
11.88	3.021778e-04	2.767848e-04
11.92	2.989243e-04	2.744425e-04
11.96	2.959572e-04	2.723322e-04
12.00	2.932471e-04	2.704310e-04
12.04	2.907700e-04	2.687207e-04
12.08	2.885062e-04	2.671860e-04
12.12	2.864394e-04	2.658145e-04
12.16	2.845556e-04	2.645955e-04
12.20	2.828428e-04	2.635199e-04
12.24	2.812906e-04	2.625794e-04
12.28	2.798891e-04	2.617663e-04
12.32	2.786299e-04	2.610738e-04
12.36	2.775049e-04	2.604953e-04
12.40	2.765069e-04	2.600249e-04
12.44	2.756289e-04	2.596567e-04
12.48	2.748641e-04	2.593847e-04
12.52	2.742064e-04	2.592039e-04
12.56	2.736519e-04	2.591109e-04
12.60	2.731931e-04	2.590987e-04
12.64	2.728248e-04	2.591633e-04
12.68	2.725418e-04	2.592996e-04
12.72	2.723392e-04	2.595034e-04
12.76	2.722106e-04	2.597682e-04
12.80	2.721523e-04	2.600918e-04
12.84	2.721646e-04	2.604744e-04
12.88	2.722399e-04	2.609081e-04
12.92	2.723746e-04	2.613908e-04
12.96	2.725709e-04	2.619251e-04
13.00	2.728251e-04	2.625061e-04
13.04	2.731312e-04	2.631297e-04
13.08	2.734926e-04	2.637994e-04
13.12	2.739093e-04	2.645146e-04
13.16	2.743743e-04	2.652693e-04
13.20	2.748910e-04	2.660675e-04
13.24	2.754622e-04	2.669121e-04
13.28	2.760893e-04	2.678044e-04
13.32	2.767719e-04	2.687443e-04
13.36	2.775114e-04	2.697338e-04
13.40	2.783093e-04	2.707742e-04
13.44	2.791649e-04	2.718648e-04
13.48	2.800767e-04	2.730045e-04
13.52	2.810459e-04	2.741952e-04
13.56	2.820751e-04	2.754392e-04
13.60	2.831633e-04	2.767356e-04
13.64	2.843087e-04	2.780827e-04
13.68	2.855098e-04	2.794791e-04
13.72	2.867589e-04	2.809166e-04
13.76	2.880526e-04	2.823932e-04
13.80	2.893836e-04	2.838996e-04
13.84	2.907394e-04	2.854258e-04
13.88	2.921257e-04	2.869779e-04
13.92	2.935398e-04	2.885504e-04
13.96	2.949568e-04	2.901208e-04
14.00	2.963851e-04	2.916986e-04
14.04	2.978076e-04	2.932626e-04
14.08	2.992176e-04	2.948119e-04
14.12	3.006309e-04	2.963612e-04
14.16	3.020441e-04	2.979061e-04
14.20	3.034661e-04	2.994574e-04
14.24	3.049088e-04	3.010261e-04
14.28	3.063690e-04	3.026082e-04
14.32	3.078530e-04	3.042118e-04
14.36	3.093688e-04	3.058428e-04
14.40	3.108946e-04	3.074786e-04
14.44	3.124340e-04	3.091262e-04
14.48	3.139784e-04	3.107710e-04
14.52	3.154963e-04	3.123872e-04
14.56	3.169760e-04	3.139538e-04
14.60	3.183104e-04	3.153572e-04
14.64	3.193479e-04	3.164592e-04
14.68	3.200746e-04	3.172177e-04
14.72	3.200567e-04	3.172151e-04
14.76	3.193940e-04	3.165565e-04
14.80	3.174297e-04	3.145196e-04
14.84	3.140056e-04	3.110181e-04
14.88	3.085016e-04	3.054005e-04
14.92	3.011226e-04	2.979145e-04
14.96	2.909905e-04	2.875970e-04
15.00	2.783342e-04	2.748580e-04
15.04	2.633537e-04	2.597417e-04
15.08	2.461035e-04	2.424539e-04
15.12	2.273292e-04	2.237043e-04
15.16	2.075196e-04	2.039767e-04
15.20	1.871891e-04	1.837756e-04
15.24	1.667714e-04	1.635302e-04
15.28	1.466567e-04	1.436107e-04
15.32	1.270600e-04	1.242201e-04
15.36	1.083287e-04	1.057513e-04
15.40	9.082409e-05	8.849689e-05
15.44	7.456118e-05	7.251396e-05
15.48	6.022661e-05	5.849326e-05
15.52	4.777897e-05	4.631536e-05
15.56	3.708708e-05	3.588043e-05
15.60	2.800319e-05	2.701230e-05
15.64	2.028149e-05	1.948153e-05
15.68	1.391149e-05	1.329186e-05
15.72	8.737885e-06	8.269149e-06
15.76	4.625677e-06	4.288722e-06
15.80	1.415836e-06	1.184812e-06
15.84	0.000000e+00	0.000000e+00
15.88	0.000000e+00	0.000000e+00
15.92	0.000000e+00	0.000000e+00
15.96	0.000000e+00	0.000000e+00
16.00	0.000000e+00	0.000000e+00
