# Photo-pion interaction rate with the cosmic infrared and optical background radiation model of Stecker at al. 2005
# log10(gamma)	1/lambda_proton [1/Mpc]	1/lambda_neutron [1/Mpc]
6.00	0.000000e+00	0.000000e+00
6.04	0.000000e+00	0.000000e+00
6.08	0.000000e+00	0.000000e+00
6.12	0.000000e+00	0.000000e+00
6.16	0.000000e+00	0.000000e+00
6.20	0.000000e+00	0.000000e+00
6.24	0.000000e+00	0.000000e+00
6.28	0.000000e+00	0.000000e+00
6.32	0.000000e+00	0.000000e+00
6.36	0.000000e+00	0.000000e+00
6.40	0.000000e+00	0.000000e+00
6.44	0.000000e+00	0.000000e+00
6.48	0.000000e+00	0.000000e+00
6.52	0.000000e+00	0.000000e+00
6.56	0.000000e+00	0.000000e+00
6.60	0.000000e+00	0.000000e+00
6.64	0.000000e+00	0.000000e+00
6.68	0.000000e+00	0.000000e+00
6.72	0.000000e+00	0.000000e+00
6.76	0.000000e+00	0.000000e+00
6.80	0.000000e+00	0.000000e+00
6.84	0.000000e+00	0.000000e+00
6.88	0.000000e+00	0.000000e+00
6.92	0.000000e+00	0.000000e+00
6.96	0.000000e+00	0.000000e+00
7.00	0.000000e+00	0.000000e+00
7.04	0.000000e+00	0.000000e+00
7.08	0.000000e+00	0.000000e+00
7.12	0.000000e+00	0.000000e+00
7.16	0.000000e+00	0.000000e+00
7.20	0.000000e+00	0.000000e+00
7.24	0.000000e+00	0.000000e+00
7.28	0.000000e+00	0.000000e+00
7.32	0.000000e+00	0.000000e+00
7.36	0.000000e+00	0.000000e+00
7.40	0.000000e+00	0.000000e+00
7.44	0.000000e+00	0.000000e+00
7.48	0.000000e+00	0.000000e+00
7.52	0.000000e+00	0.000000e+00
7.56	0.000000e+00	0.000000e+00
7.60	0.000000e+00	0.000000e+00
7.64	0.000000e+00	0.000000e+00
7.68	0.000000e+00	0.000000e+00
7.72	0.000000e+00	0.000000e+00
7.76	0.000000e+00	0.000000e+00
7.80	0.000000e+00	0.000000e+00
7.84	0.000000e+00	0.000000e+00
7.88	0.000000e+00	0.000000e+00
7.92	0.000000e+00	0.000000e+00
7.96	0.000000e+00	0.000000e+00
8.00	0.000000e+00	0.000000e+00
8.04	0.000000e+00	0.000000e+00
8.08	0.000000e+00	0.000000e+00
8.12	0.000000e+00	0.000000e+00
8.16	0.000000e+00	0.000000e+00
8.20	2.270645e-09	2.067480e-09
8.24	2.065234e-08	1.995730e-08
8.28	7.055914e-08	6.955896e-08
8.32	1.642953e-07	1.637204e-07
8.36	3.134133e-07	3.146160e-07
8.40	5.329073e-07	5.380588e-07
8.44	8.455284e-07	8.581458e-07
8.48	1.280681e-06	1.306705e-06
8.52	1.858688e-06	1.907490e-06
8.56	2.550286e-06	2.631715e-06
8.60	3.294483e-06	3.413457e-06
8.64	4.049027e-06	4.205072e-06
8.68	4.796114e-06	4.985704e-06
8.72	5.531967e-06	5.749379e-06
8.76	6.267274e-06	6.503517e-06
8.80	7.016442e-06	7.260152e-06
8.84	7.792485e-06	8.031641e-06
8.88	8.613182e-06	8.835265e-06
8.92	9.476340e-06	9.671011e-06
8.96	1.036987e-05	1.052751e-05
9.00	1.130081e-05	1.140806e-05
9.04	1.227846e-05	1.232150e-05
9.08	1.330124e-05	1.327593e-05
9.12	1.437127e-05	1.427974e-05
9.16	1.549609e-05	1.534254e-05
9.20	1.668460e-05	1.647390e-05
9.24	1.794450e-05	1.768156e-05
9.28	1.928295e-05	1.897236e-05
9.32	2.070823e-05	2.035398e-05
9.36	2.223009e-05	2.183544e-05
9.40	2.386023e-05	2.342764e-05
9.44	2.561342e-05	2.514453e-05
9.48	2.750949e-05	2.700524e-05
9.52	2.957648e-05	2.903737e-05
9.56	3.185496e-05	3.128151e-05
9.60	3.440323e-05	3.379682e-05
9.64	3.730268e-05	3.666649e-05
9.68	4.066311e-05	4.000343e-05
9.72	4.462880e-05	4.395649e-05
9.76	4.938527e-05	4.871762e-05
9.80	5.516644e-05	5.452926e-05
9.84	6.226094e-05	6.169086e-05
9.88	7.101433e-05	7.056101e-05
9.92	8.182513e-05	8.155311e-05
9.96	9.513702e-05	9.512683e-05
10.00	1.114292e-04	1.117777e-04
10.04	1.312005e-04	1.320203e-04
10.08	1.549407e-04	1.563573e-04
10.12	1.830884e-04	1.852353e-04
10.16	2.159756e-04	2.189853e-04
10.20	2.537710e-04	2.577624e-04
10.24	2.964361e-04	3.014983e-04
10.28	3.436916e-04	3.498651e-04
10.32	3.949832e-04	4.022369e-04
10.36	4.494659e-04	4.576735e-04
10.40	5.058317e-04	5.147674e-04
10.44	5.615969e-04	5.709090e-04
10.48	6.142396e-04	6.233943e-04
10.52	6.617228e-04	6.700058e-04
10.56	7.023237e-04	7.088552e-04
10.60	7.343063e-04	7.380587e-04
10.64	7.556330e-04	7.554349e-04
10.68	7.641858e-04	7.586958e-04
10.72	7.592189e-04	7.469168e-04
10.76	7.447377e-04	7.242597e-04
10.80	7.271379e-04	6.977783e-04
10.84	7.103384e-04	6.720629e-04
10.88	6.955749e-04	6.487809e-04
10.92	6.826751e-04	6.281004e-04
10.96	6.702663e-04	6.090655e-04
11.00	6.569518e-04	5.905688e-04
11.04	6.418082e-04	5.717783e-04
11.08	6.238087e-04	5.517154e-04
11.12	6.040352e-04	5.312365e-04
11.16	5.844219e-04	5.121787e-04
11.20	5.650679e-04	4.949194e-04
11.24	5.459373e-04	4.793222e-04
11.28	5.279732e-04	4.653214e-04
11.32	5.116635e-04	4.528078e-04
11.36	4.969394e-04	4.415525e-04
11.40	4.836100e-04	4.313411e-04
11.44	4.716100e-04	4.221286e-04
11.48	4.609239e-04	4.139370e-04
11.52	4.514576e-04	4.067142e-04
11.56	4.430598e-04	4.003454e-04
11.60	4.355689e-04	3.947015e-04
11.64	4.288401e-04	3.896641e-04
11.68	4.227526e-04	3.851352e-04
11.72	4.172107e-04	3.810377e-04
11.76	4.121402e-04	3.773132e-04
11.80	4.074845e-04	3.739180e-04
11.84	4.032002e-04	3.708197e-04
11.88	3.992537e-04	3.679936e-04
11.92	3.956182e-04	3.654208e-04
11.96	3.922719e-04	3.630855e-04
12.00	3.891961e-04	3.609747e-04
12.04	3.863749e-04	3.590766e-04
12.08	3.837937e-04	3.573808e-04
12.12	3.814397e-04	3.558774e-04
12.16	3.793009e-04	3.545573e-04
12.20	3.773692e-04	3.534139e-04
12.24	3.756470e-04	3.524522e-04
12.28	3.741201e-04	3.516598e-04
12.32	3.727734e-04	3.510235e-04
12.36	3.715941e-04	3.505314e-04
12.40	3.705712e-04	3.501742e-04
12.44	3.696956e-04	3.499430e-04
12.48	3.689588e-04	3.498310e-04
12.52	3.683541e-04	3.498317e-04
12.56	3.678751e-04	3.499399e-04
12.60	3.675165e-04	3.501506e-04
12.64	3.672734e-04	3.504599e-04
12.68	3.671418e-04	3.508639e-04
12.72	3.671175e-04	3.513595e-04
12.76	3.671974e-04	3.519435e-04
12.80	3.673780e-04	3.526135e-04
12.84	3.676567e-04	3.533668e-04
12.88	3.680306e-04	3.542015e-04
12.92	3.684974e-04	3.551152e-04
12.96	3.690548e-04	3.561064e-04
13.00	3.697006e-04	3.571731e-04
13.04	3.704329e-04	3.583138e-04
13.08	3.712497e-04	3.595268e-04
13.12	3.721491e-04	3.608109e-04
13.16	3.731297e-04	3.621645e-04
13.20	3.741896e-04	3.635866e-04
13.24	3.753274e-04	3.650757e-04
13.28	3.765417e-04	3.666179e-04
13.32	3.774945e-04	3.678882e-04
13.36	3.784877e-04	3.692023e-04
13.40	3.795325e-04	3.705583e-04
13.44	3.806283e-04	3.719564e-04
13.48	3.817757e-04	3.733971e-04
13.52	3.829747e-04	3.748810e-04
13.56	3.842253e-04	3.764081e-04
13.60	3.855267e-04	3.779779e-04
13.64	3.868776e-04	3.795890e-04
13.68	3.882759e-04	3.812399e-04
13.72	3.897188e-04	3.829274e-04
13.76	3.912022e-04	3.846482e-04
13.80	3.927217e-04	3.863973e-04
13.84	3.942717e-04	3.881700e-04
13.88	3.958472e-04	3.899610e-04
13.92	3.974428e-04	3.917654e-04
13.96	3.990532e-04	3.935780e-04
14.00	4.006728e-04	3.953935e-04
14.04	4.022955e-04	3.972058e-04
14.08	4.039153e-04	3.990094e-04
14.12	4.055264e-04	4.007983e-04
14.16	4.071231e-04	4.025674e-04
14.20	4.087003e-04	4.043115e-04
14.24	4.102525e-04	4.060255e-04
14.28	4.117745e-04	4.077042e-04
14.32	4.132609e-04	4.093424e-04
14.36	4.147036e-04	4.109313e-04
14.40	4.160883e-04	4.124568e-04
14.44	4.173951e-04	4.138977e-04
14.48	4.185952e-04	4.152250e-04
14.52	4.196486e-04	4.163970e-04
14.56	4.204987e-04	4.173560e-04
14.60	4.210672e-04	4.180207e-04
14.64	4.212456e-04	4.182803e-04
14.68	4.208921e-04	4.179895e-04
14.72	4.198304e-04	4.169701e-04
14.76	4.178543e-04	4.150132e-04
14.80	4.147203e-04	4.118722e-04
14.84	4.101408e-04	4.072557e-04
14.88	4.037799e-04	4.008245e-04
14.92	3.952530e-04	3.921911e-04
14.96	3.841694e-04	3.809717e-04
15.00	3.701846e-04	3.668272e-04
15.04	3.529947e-04	3.494598e-04
15.08	3.323324e-04	3.286084e-04
15.12	3.080625e-04	3.041648e-04
15.16	2.802884e-04	2.762517e-04
15.20	2.493040e-04	2.451852e-04
15.24	2.156494e-04	2.115288e-04
15.28	1.800481e-04	1.760113e-04
15.32	1.432817e-04	1.394147e-04
15.36	1.061827e-04	1.025739e-04
15.40	6.963984e-05	6.637480e-05
15.44	3.446553e-05	3.160290e-05
15.48	1.224095e-06	0.000000e+00
15.52	0.000000e+00	0.000000e+00
15.56	0.000000e+00	0.000000e+00
15.60	0.000000e+00	0.000000e+00
15.64	0.000000e+00	0.000000e+00
15.68	0.000000e+00	0.000000e+00
15.72	0.000000e+00	0.000000e+00
15.76	0.000000e+00	0.000000e+00
15.80	0.000000e+00	0.000000e+00
15.84	0.000000e+00	0.000000e+00
15.88	0.000000e+00	0.000000e+00
15.92	0.000000e+00	0.000000e+00
15.96	0.000000e+00	0.000000e+00
16.00	0.000000e+00	0.000000e+00
