# Photo-pion interaction rate with the cosmic infrared and optical background radiation model of Kneiske et al. 2004
# log10(gamma)	1/lambda_proton [1/Mpc]	1/lambda_neutron [1/Mpc]
6.00	0.000000e+00	0.000000e+00
6.04	0.000000e+00	0.000000e+00
6.08	0.000000e+00	0.000000e+00
6.12	0.000000e+00	0.000000e+00
6.16	0.000000e+00	0.000000e+00
6.20	0.000000e+00	0.000000e+00
6.24	0.000000e+00	0.000000e+00
6.28	0.000000e+00	0.000000e+00
6.32	0.000000e+00	0.000000e+00
6.36	0.000000e+00	0.000000e+00
6.40	0.000000e+00	0.000000e+00
6.44	0.000000e+00	0.000000e+00
6.48	0.000000e+00	0.000000e+00
6.52	0.000000e+00	0.000000e+00
6.56	0.000000e+00	0.000000e+00
6.60	0.000000e+00	0.000000e+00
6.64	0.000000e+00	0.000000e+00
6.68	0.000000e+00	0.000000e+00
6.72	2.006151e-15	2.461433e-15
6.76	4.523518e-13	4.642174e-13
6.80	3.902575e-12	3.977384e-12
6.84	1.504015e-11	1.531759e-11
6.88	4.456101e-11	4.538333e-11
6.92	1.143620e-10	1.165597e-10
6.96	2.569046e-10	2.621100e-10
7.00	5.316751e-10	5.431738e-10
7.04	1.027988e-09	1.051996e-09
7.08	1.878409e-09	1.925920e-09
7.12	3.296370e-09	3.385564e-09
7.16	5.553613e-09	5.713005e-09
7.20	8.980421e-09	9.252257e-09
7.24	1.395039e-08	1.439344e-08
7.28	2.086946e-08	2.156287e-08
7.32	3.017058e-08	3.121593e-08
7.36	4.227018e-08	4.379149e-08
7.40	5.756761e-08	5.970887e-08
7.44	7.631578e-08	7.922451e-08
7.48	9.861347e-08	1.024238e-07
7.52	1.246595e-07	1.294799e-07
7.56	1.547429e-07	1.606462e-07
7.60	1.894003e-07	1.964269e-07
7.64	2.296697e-07	2.378357e-07
7.68	2.769801e-07	2.862981e-07
7.72	3.333879e-07	3.439022e-07
7.76	4.014857e-07	4.132963e-07
7.80	4.842054e-07	4.975128e-07
7.84	5.847681e-07	5.998913e-07
7.88	7.062777e-07	7.236390e-07
7.92	8.519783e-07	8.721307e-07
7.96	1.024969e-06	1.048583e-06
8.00	1.228168e-06	1.256012e-06
8.04	1.464536e-06	1.497430e-06
8.08	1.736286e-06	1.775003e-06
8.12	2.045232e-06	2.090442e-06
8.16	2.392448e-06	2.444584e-06
8.20	2.777772e-06	2.836953e-06
8.24	3.199989e-06	3.265967e-06
8.28	3.656295e-06	3.728251e-06
8.32	4.142466e-06	4.218971e-06
8.36	4.652818e-06	4.731748e-06
8.40	5.179699e-06	5.258056e-06
8.44	5.713871e-06	5.787818e-06
8.48	6.245055e-06	6.309807e-06
8.52	6.762332e-06	6.812142e-06
8.56	7.256712e-06	7.285195e-06
8.60	7.722332e-06	7.722646e-06
8.64	8.155289e-06	8.120523e-06
8.68	8.554118e-06	8.477660e-06
8.72	8.918838e-06	8.794492e-06
8.76	9.251573e-06	9.074119e-06
8.80	9.557972e-06	9.323470e-06
8.84	9.846105e-06	9.552140e-06
8.88	1.012614e-05	9.772308e-06
8.92	1.041035e-05	9.998199e-06
8.96	1.071274e-05	1.024591e-05
9.00	1.104767e-05	1.053197e-05
9.04	1.142946e-05	1.087262e-05
9.08	1.187057e-05	1.128169e-05
9.12	1.238051e-05	1.176933e-05
9.16	1.296676e-05	1.234316e-05
9.20	1.363198e-05	1.300535e-05
9.24	1.437513e-05	1.375392e-05
9.28	1.519335e-05	1.458436e-05
9.32	1.607956e-05	1.548713e-05
9.36	1.702568e-05	1.645142e-05
9.40	1.802547e-05	1.746793e-05
9.44	1.907470e-05	1.852956e-05
9.48	2.018119e-05	1.964198e-05
9.52	2.136770e-05	2.082635e-05
9.56	2.267747e-05	2.212574e-05
9.60	2.417906e-05	2.361024e-05
9.64	2.595603e-05	2.536584e-05
9.68	2.813885e-05	2.752804e-05
9.72	3.093358e-05	3.031140e-05
9.76	3.461569e-05	3.400362e-05
9.80	3.957162e-05	3.900784e-05
9.84	4.626917e-05	4.581163e-05
9.88	5.529449e-05	5.502447e-05
9.92	6.737683e-05	6.740326e-05
9.96	8.334319e-05	8.381150e-05
10.00	1.040064e-04	1.051030e-04
10.04	1.300049e-04	1.319491e-04
10.08	1.618747e-04	1.649122e-04
10.12	1.999573e-04	2.043435e-04
10.16	2.442287e-04	2.502058e-04
10.20	2.941548e-04	3.019115e-04
10.24	3.484466e-04	3.580401e-04
10.28	4.053529e-04	4.166588e-04
10.32	4.633112e-04	4.760105e-04
10.36	5.211897e-04	5.347894e-04
10.40	5.780938e-04	5.919627e-04
10.44	6.332249e-04	6.465812e-04
10.48	6.857231e-04	6.976375e-04
10.52	7.347272e-04	7.441847e-04
10.56	7.795107e-04	7.854561e-04
10.60	8.193135e-04	8.206997e-04
10.64	8.535500e-04	8.494041e-04
10.68	8.819626e-04	8.713960e-04
10.72	9.045111e-04	8.868143e-04
10.76	9.213147e-04	8.960537e-04
10.80	9.325318e-04	8.995576e-04
10.84	9.384344e-04	8.978377e-04
10.88	9.394681e-04	8.915109e-04
10.92	9.361120e-04	8.812142e-04
10.96	9.288377e-04	8.675875e-04
11.00	9.181752e-04	8.512963e-04
11.04	9.046668e-04	8.329797e-04
11.08	8.888378e-04	8.132289e-04
11.12	8.711990e-04	7.925749e-04
11.16	8.522138e-04	7.714635e-04
11.20	8.323177e-04	7.502906e-04
11.24	8.119141e-04	7.293894e-04
11.28	7.913300e-04	7.090053e-04
11.32	7.708416e-04	6.893243e-04
11.36	7.506758e-04	6.704686e-04
11.40	7.310469e-04	6.525469e-04
11.44	7.122289e-04	6.357357e-04
11.48	6.944441e-04	6.201825e-04
11.52	6.777915e-04	6.059227e-04
11.56	6.622936e-04	5.929150e-04
11.60	6.479219e-04	5.810780e-04
11.64	6.346161e-04	5.703096e-04
11.68	6.223141e-04	5.605119e-04
11.72	6.109518e-04	5.515932e-04
11.76	6.004647e-04	5.434671e-04
11.80	5.908378e-04	5.360974e-04
11.84	5.820390e-04	5.294500e-04
11.88	5.739954e-04	5.234609e-04
11.92	5.666490e-04	5.180654e-04
11.96	5.599586e-04	5.132084e-04
12.00	5.538717e-04	5.088396e-04
12.04	5.483317e-04	5.049129e-04
12.08	5.432884e-04	5.013883e-04
12.12	5.387005e-04	4.982353e-04
12.16	5.345315e-04	4.954263e-04
12.20	5.307467e-04	4.929349e-04
12.24	5.273159e-04	4.907378e-04
12.28	5.242116e-04	4.888132e-04
12.32	5.214104e-04	4.871427e-04
12.36	5.188920e-04	4.857100e-04
12.40	5.166380e-04	4.845001e-04
12.44	5.146329e-04	4.835007e-04
12.48	5.128616e-04	4.826991e-04
12.52	5.113106e-04	4.820842e-04
12.56	5.099688e-04	4.816465e-04
12.60	5.088211e-04	4.813727e-04
12.64	5.078585e-04	4.812557e-04
12.68	5.070707e-04	4.812857e-04
12.72	5.064447e-04	4.814519e-04
12.76	5.059765e-04	4.817506e-04
12.80	5.056510e-04	4.821676e-04
12.84	5.054623e-04	4.826991e-04
12.88	5.054061e-04	4.833398e-04
12.92	5.054675e-04	4.840770e-04
12.96	5.056481e-04	4.849136e-04
13.00	5.059370e-04	4.858369e-04
13.04	5.063282e-04	4.868446e-04
13.08	5.068245e-04	4.879379e-04
13.12	5.074106e-04	4.891030e-04
13.16	5.080915e-04	4.903466e-04
13.20	5.088657e-04	4.916653e-04
13.24	5.097285e-04	4.930574e-04
13.28	5.106878e-04	4.945310e-04
13.32	5.117487e-04	4.960913e-04
13.36	5.129153e-04	4.977428e-04
13.40	5.141897e-04	4.994878e-04
13.44	5.155724e-04	5.013268e-04
13.48	5.170644e-04	5.032620e-04
13.52	5.186699e-04	5.052978e-04
13.56	5.203900e-04	5.074350e-04
13.60	5.222219e-04	5.096709e-04
13.64	5.241605e-04	5.120010e-04
13.68	5.262044e-04	5.144246e-04
13.72	5.283432e-04	5.169297e-04
13.76	5.305695e-04	5.195116e-04
13.80	5.328815e-04	5.221664e-04
13.84	5.352523e-04	5.248686e-04
13.88	5.376854e-04	5.276241e-04
13.92	5.401677e-04	5.304143e-04
13.96	5.426773e-04	5.332244e-04
14.00	5.452292e-04	5.360672e-04
14.04	5.477941e-04	5.389118e-04
14.08	5.503761e-04	5.417673e-04
14.12	5.529839e-04	5.446391e-04
14.16	5.556077e-04	5.475204e-04
14.20	5.582678e-04	5.504315e-04
14.24	5.609625e-04	5.533693e-04
14.28	5.637006e-04	5.563453e-04
14.32	5.664916e-04	5.593651e-04
14.36	5.693086e-04	5.624035e-04
14.40	5.721658e-04	5.654765e-04
14.44	5.750358e-04	5.685505e-04
14.48	5.779109e-04	5.716270e-04
14.52	5.808029e-04	5.747048e-04
14.56	5.835122e-04	5.775787e-04
14.60	5.860413e-04	5.802750e-04
14.64	5.881397e-04	5.824751e-04
14.68	5.896007e-04	5.840589e-04
14.72	5.906236e-04	5.852134e-04
14.76	5.903946e-04	5.849347e-04
14.80	5.883207e-04	5.828779e-04
14.84	5.846288e-04	5.790776e-04
14.88	5.773887e-04	5.716555e-04
14.92	5.670863e-04	5.612710e-04
14.96	5.520829e-04	5.457838e-04
15.00	5.313187e-04	5.247584e-04
15.04	5.062858e-04	4.996033e-04
15.08	4.782034e-04	4.715436e-04
15.12	4.482121e-04	4.416829e-04
15.16	4.163642e-04	4.098496e-04
15.20	3.824796e-04	3.760909e-04
15.24	3.475307e-04	3.413644e-04
15.28	3.124043e-04	3.065317e-04
15.32	2.776757e-04	2.721340e-04
15.36	2.440026e-04	2.388868e-04
15.40	2.121734e-04	2.074905e-04
15.44	1.822369e-04	1.779966e-04
15.48	1.548355e-04	1.510853e-04
15.52	1.300636e-04	1.267506e-04
15.56	1.078148e-04	1.049603e-04
15.60	8.844023e-05	8.600779e-05
15.64	7.158519e-05	6.951912e-05
15.68	5.720354e-05	5.550619e-05
15.72	4.516158e-05	4.377143e-05
15.76	3.510086e-05	3.398304e-05
15.80	2.690754e-05	2.602882e-05
15.84	2.029421e-05	1.961085e-05
15.88	1.500700e-05	1.449062e-05
15.92	1.085019e-05	1.046923e-05
15.96	7.612736e-06	7.340235e-06
16.00	5.109655e-06	4.923108e-06
