# Photo-pion interaction rate with the cosmic infrared and optical background radiation model of Dole et al. 2006
# log10(gamma)	1/lambda_proton [1/Mpc]	1/lambda_neutron [1/Mpc]
6.00	0.000000e+00	0.000000e+00
6.04	0.000000e+00	0.000000e+00
6.08	0.000000e+00	0.000000e+00
6.12	0.000000e+00	0.000000e+00
6.16	0.000000e+00	0.000000e+00
6.20	0.000000e+00	0.000000e+00
6.24	0.000000e+00	0.000000e+00
6.28	0.000000e+00	0.000000e+00
6.32	0.000000e+00	0.000000e+00
6.36	0.000000e+00	0.000000e+00
6.40	0.000000e+00	0.000000e+00
6.44	0.000000e+00	0.000000e+00
6.48	0.000000e+00	0.000000e+00
6.52	0.000000e+00	0.000000e+00
6.56	0.000000e+00	0.000000e+00
6.60	0.000000e+00	0.000000e+00
6.64	0.000000e+00	0.000000e+00
6.68	0.000000e+00	0.000000e+00
6.72	0.000000e+00	0.000000e+00
6.76	0.000000e+00	0.000000e+00
6.80	1.943724e-13	4.563098e-13
6.84	2.921232e-11	3.495710e-11
6.88	1.751555e-10	1.938859e-10
6.92	5.281022e-10	5.680315e-10
6.96	1.176140e-09	1.248087e-09
7.00	2.220915e-09	2.341547e-09
7.04	3.802685e-09	3.999184e-09
7.08	6.125721e-09	6.440638e-09
7.12	9.446306e-09	9.939233e-09
7.16	1.394779e-08	1.467474e-08
7.20	1.955305e-08	2.054731e-08
7.24	2.611018e-08	2.739393e-08
7.28	3.359391e-08	3.518767e-08
7.32	4.208988e-08	4.401398e-08
7.36	5.178754e-08	5.406115e-08
7.40	6.298088e-08	6.561352e-08
7.44	7.600316e-08	7.899799e-08
7.48	9.123423e-08	9.459632e-08
7.52	1.091121e-07	1.128409e-07
7.56	1.300151e-07	1.341162e-07
7.60	1.544253e-07	1.589148e-07
7.64	1.830032e-07	1.878853e-07
7.68	2.164980e-07	2.218018e-07
7.72	2.557041e-07	2.615188e-07
7.76	3.015189e-07	3.079686e-07
7.80	3.549730e-07	3.622042e-07
7.84	4.172479e-07	4.254258e-07
7.88	4.896381e-07	4.989475e-07
7.92	5.734765e-07	5.841181e-07
7.96	6.700996e-07	6.822831e-07
8.00	7.807205e-07	7.946486e-07
8.04	9.063769e-07	9.222307e-07
8.08	1.048007e-06	1.065935e-06
8.12	1.206294e-06	1.226387e-06
8.16	1.381223e-06	1.403468e-06
8.20	1.571905e-06	1.596120e-06
8.24	1.776759e-06	1.802551e-06
8.28	1.993600e-06	2.020320e-06
8.32	2.219860e-06	2.246568e-06
8.36	2.452594e-06	2.478037e-06
8.40	2.688080e-06	2.710663e-06
8.44	2.921672e-06	2.939380e-06
8.48	3.148437e-06	3.158831e-06
8.52	3.364170e-06	3.364510e-06
8.56	3.565676e-06	3.553049e-06
8.60	3.750600e-06	3.722003e-06
8.64	3.917162e-06	3.869603e-06
8.68	4.064228e-06	3.994927e-06
8.72	4.191333e-06	4.097868e-06
8.76	4.298601e-06	4.178997e-06
8.80	4.388176e-06	4.241082e-06
8.84	4.465392e-06	4.290241e-06
8.88	4.537137e-06	4.334176e-06
8.92	4.610627e-06	4.381044e-06
8.96	4.694281e-06	4.440336e-06
9.00	4.798386e-06	4.523444e-06
9.04	4.935913e-06	4.644503e-06
9.08	5.120587e-06	4.818363e-06
9.12	5.360857e-06	5.054210e-06
9.16	5.658577e-06	5.353974e-06
9.20	6.013121e-06	5.716437e-06
9.24	6.423063e-06	6.139381e-06
9.28	6.889291e-06	6.622859e-06
9.32	7.419402e-06	7.173182e-06
9.36	8.027787e-06	7.803399e-06
9.40	8.734757e-06	8.532917e-06
9.44	9.569905e-06	9.390958e-06
9.48	1.057267e-05	1.041740e-05
9.52	1.179225e-05	1.166262e-05
9.56	1.328826e-05	1.318771e-05
9.60	1.512481e-05	1.505868e-05
9.64	1.736832e-05	1.734468e-05
9.68	2.009279e-05	2.012270e-05
9.72	2.339552e-05	2.349346e-05
9.76	2.740979e-05	2.759461e-05
9.80	3.231368e-05	3.260886e-05
9.84	3.832486e-05	3.875863e-05
9.88	4.567930e-05	4.628557e-05
9.92	5.463551e-05	5.545514e-05
9.96	6.549435e-05	6.657717e-05
10.00	7.859827e-05	8.000585e-05
10.04	9.429976e-05	9.610623e-05
10.08	1.128616e-04	1.151467e-04
10.12	1.343895e-04	1.372255e-04
10.16	1.588494e-04	1.622872e-04
10.20	1.859892e-04	1.900499e-04
10.24	2.154201e-04	2.200911e-04
10.28	2.467553e-04	2.519830e-04
10.32	2.794654e-04	2.851396e-04
10.36	3.129566e-04	3.188939e-04
10.40	3.464658e-04	3.524000e-04
10.44	3.788730e-04	3.844347e-04
10.48	4.087939e-04	4.134846e-04
10.52	4.353685e-04	4.385965e-04
10.56	4.587675e-04	4.599468e-04
10.60	4.792653e-04	4.778475e-04
10.64	4.971189e-04	4.926220e-04
10.68	5.124065e-04	5.044126e-04
10.72	5.246224e-04	5.127754e-04
10.76	5.332800e-04	5.173085e-04
10.80	5.381792e-04	5.178923e-04
10.84	5.389815e-04	5.142941e-04
10.88	5.359321e-04	5.068842e-04
10.92	5.304708e-04	4.972259e-04
10.96	5.234028e-04	4.863452e-04
11.00	5.149535e-04	4.746802e-04
11.04	5.054135e-04	4.624864e-04
11.08	4.947971e-04	4.497438e-04
11.12	4.831309e-04	4.364782e-04
11.16	4.707023e-04	4.229065e-04
11.20	4.578152e-04	4.093889e-04
11.24	4.448320e-04	3.963156e-04
11.28	4.322968e-04	3.841521e-04
11.32	4.204064e-04	3.730519e-04
11.36	4.090341e-04	3.628796e-04
11.40	3.981951e-04	3.535094e-04
11.44	3.880103e-04	3.448945e-04
11.48	3.784516e-04	3.369572e-04
11.52	3.694439e-04	3.296140e-04
11.56	3.610758e-04	3.229166e-04
11.60	3.534108e-04	3.168938e-04
11.64	3.463974e-04	3.114961e-04
11.68	3.399966e-04	3.066559e-04
11.72	3.341953e-04	3.023130e-04
11.76	3.289470e-04	2.984109e-04
11.80	3.241905e-04	2.948949e-04
11.84	3.198701e-04	2.917213e-04
11.88	3.159438e-04	2.888600e-04
11.92	3.123734e-04	2.862826e-04
11.96	3.091219e-04	2.839615e-04
12.00	3.061600e-04	2.818743e-04
12.04	3.034593e-04	2.800004e-04
12.08	3.009962e-04	2.783204e-04
12.12	2.987507e-04	2.768197e-04
12.16	2.967041e-04	2.754836e-04
12.20	2.948421e-04	2.743011e-04
12.24	2.931531e-04	2.732629e-04
12.28	2.916259e-04	2.723611e-04
12.32	2.902508e-04	2.715876e-04
12.36	2.890214e-04	2.709369e-04
12.40	2.879285e-04	2.704030e-04
12.44	2.869647e-04	2.699782e-04
12.48	2.861215e-04	2.696558e-04
12.52	2.853925e-04	2.694304e-04
12.56	2.847714e-04	2.692966e-04
12.60	2.842528e-04	2.692492e-04
12.64	2.838313e-04	2.692840e-04
12.68	2.835017e-04	2.693967e-04
12.72	2.832593e-04	2.695824e-04
12.76	2.830990e-04	2.698370e-04
12.80	2.830166e-04	2.701568e-04
12.84	2.830083e-04	2.705381e-04
12.88	2.830699e-04	2.709774e-04
12.92	2.831973e-04	2.714708e-04
12.96	2.833880e-04	2.720165e-04
13.00	2.836395e-04	2.726118e-04
13.04	2.839487e-04	2.732552e-04
13.08	2.843159e-04	2.739460e-04
13.12	2.847398e-04	2.746837e-04
13.16	2.852172e-04	2.754654e-04
13.20	2.857463e-04	2.762901e-04
13.24	2.863323e-04	2.771629e-04
13.28	2.869769e-04	2.780861e-04
13.32	2.876798e-04	2.790595e-04
13.36	2.884432e-04	2.800845e-04
13.40	2.892655e-04	2.811618e-04
13.44	2.901512e-04	2.822943e-04
13.48	2.910993e-04	2.834815e-04
13.52	2.921058e-04	2.847200e-04
13.56	2.931784e-04	2.860188e-04
13.60	2.943164e-04	2.873745e-04
13.64	2.955126e-04	2.887820e-04
13.68	2.967668e-04	2.902411e-04
13.72	2.980789e-04	2.917514e-04
13.76	2.994470e-04	2.933120e-04
13.80	3.008698e-04	2.949212e-04
13.84	3.023368e-04	2.965656e-04
13.88	3.038210e-04	2.982207e-04
13.92	3.053175e-04	2.998830e-04
13.96	3.068267e-04	3.015532e-04
14.00	3.083455e-04	3.032267e-04
14.04	3.098729e-04	3.049060e-04
14.08	3.114158e-04	3.065956e-04
14.12	3.129675e-04	3.082890e-04
14.16	3.145289e-04	3.099884e-04
14.20	3.161014e-04	3.116946e-04
14.24	3.176817e-04	3.134030e-04
14.28	3.192549e-04	3.151007e-04
14.32	3.208070e-04	3.167688e-04
14.36	3.222933e-04	3.183638e-04
14.40	3.236783e-04	3.198506e-04
14.44	3.249382e-04	3.212097e-04
14.48	3.260632e-04	3.224244e-04
14.52	3.269969e-04	3.234411e-04
14.56	3.276732e-04	3.241967e-04
14.60	3.280561e-04	3.246425e-04
14.64	3.280766e-04	3.247225e-04
14.68	3.276733e-04	3.243709e-04
14.72	3.267008e-04	3.234335e-04
14.76	3.251190e-04	3.218744e-04
14.80	3.226366e-04	3.193738e-04
14.84	3.188526e-04	3.155326e-04
14.88	3.133143e-04	3.098993e-04
14.92	3.059281e-04	3.024488e-04
14.96	2.969265e-04	2.934235e-04
15.00	2.863364e-04	2.827459e-04
15.04	2.737504e-04	2.700948e-04
15.08	2.591472e-04	2.554019e-04
15.12	2.423578e-04	2.385416e-04
15.16	2.238094e-04	2.199570e-04
15.20	2.030529e-04	1.991187e-04
15.24	1.799845e-04	1.759027e-04
15.28	1.592567e-04	1.562796e-04
15.32	1.410287e-04	1.379003e-04
15.36	1.224102e-04	1.196553e-04
15.40	1.063145e-04	1.037915e-04
15.44	8.912867e-05	8.655338e-05
15.48	7.255094e-05	7.036823e-05
15.52	5.798502e-05	5.606383e-05
15.56	4.469349e-05	4.299095e-05
15.60	3.269678e-05	3.108790e-05
15.64	2.446168e-05	2.359091e-05
15.68	1.934229e-05	1.856832e-05
15.72	1.421828e-05	1.348466e-05
15.76	9.596021e-06	9.004738e-06
15.80	6.125521e-06	5.661080e-06
15.84	3.499845e-06	3.112358e-06
15.88	1.291283e-06	9.536347e-07
15.92	0.000000e+00	0.000000e+00
15.96	0.000000e+00	0.000000e+00
16.00	0.000000e+00	0.000000e+00
