# Photo-pion interaction rate with the cosmic infrared and optical background radiation model of Franceschini et al. 2008
# log10(gamma)	1/lambda_proton [1/Mpc]	1/lambda_neutron [1/Mpc]
6.00	0.000000e+00	0.000000e+00
6.04	0.000000e+00	0.000000e+00
6.08	0.000000e+00	0.000000e+00
6.12	0.000000e+00	0.000000e+00
6.16	0.000000e+00	0.000000e+00
6.20	0.000000e+00	0.000000e+00
6.24	0.000000e+00	0.000000e+00
6.28	0.000000e+00	0.000000e+00
6.32	0.000000e+00	0.000000e+00
6.36	0.000000e+00	0.000000e+00
6.40	0.000000e+00	0.000000e+00
6.44	0.000000e+00	0.000000e+00
6.48	0.000000e+00	0.000000e+00
6.52	0.000000e+00	0.000000e+00
6.56	0.000000e+00	0.000000e+00
6.60	0.000000e+00	0.000000e+00
6.64	0.000000e+00	0.000000e+00
6.68	0.000000e+00	0.000000e+00
6.72	0.000000e+00	0.000000e+00
6.76	0.000000e+00	0.000000e+00
6.80	0.000000e+00	0.000000e+00
6.84	0.000000e+00	0.000000e+00
6.88	0.000000e+00	0.000000e+00
6.92	0.000000e+00	0.000000e+00
6.96	0.000000e+00	0.000000e+00
7.00	0.000000e+00	0.000000e+00
7.04	0.000000e+00	0.000000e+00
7.08	0.000000e+00	0.000000e+00
7.12	1.360892e-11	1.746818e-11
7.16	2.142542e-10	2.358259e-10
7.20	9.342109e-10	9.912511e-10
7.24	2.541671e-09	2.659452e-09
7.28	5.407722e-09	5.625709e-09
7.32	9.936129e-09	1.031825e-08
7.36	1.664292e-08	1.729154e-08
7.40	2.620923e-08	2.728061e-08
7.44	3.940145e-08	4.110455e-08
7.48	5.666476e-08	5.920242e-08
7.52	7.772814e-08	8.125719e-08
7.56	1.020478e-07	1.066677e-07
7.60	1.294956e-07	1.352510e-07
7.64	1.607403e-07	1.676501e-07
7.68	1.972916e-07	2.053697e-07
7.72	2.413618e-07	2.506535e-07
7.76	2.956855e-07	3.063413e-07
7.80	3.629350e-07	3.752039e-07
7.84	4.449163e-07	4.590794e-07
7.88	5.431473e-07	5.595520e-07
7.92	6.590502e-07	6.780599e-07
7.96	7.929695e-07	8.148274e-07
8.00	9.450953e-07	9.699771e-07
8.04	1.116800e-06	1.144925e-06
8.08	1.310162e-06	1.341855e-06
8.12	1.526546e-06	1.562080e-06
8.16	1.765941e-06	1.805359e-06
8.20	2.026587e-06	2.069601e-06
8.24	2.305766e-06	2.351626e-06
8.28	2.600933e-06	2.648398e-06
8.32	2.908467e-06	2.955959e-06
8.36	3.224030e-06	3.269634e-06
8.40	3.544132e-06	3.585409e-06
8.44	3.864583e-06	3.898635e-06
8.48	4.179121e-06	4.202846e-06
8.52	4.482203e-06	4.492202e-06
8.56	4.770284e-06	4.762751e-06
8.60	5.041254e-06	5.012297e-06
8.64	5.295052e-06	5.240984e-06
8.68	5.532262e-06	5.449759e-06
8.72	5.753142e-06	5.639561e-06
8.76	5.959156e-06	5.812505e-06
8.80	6.152940e-06	5.971989e-06
8.84	6.338069e-06	6.122627e-06
8.88	6.518847e-06	6.269560e-06
8.92	6.700132e-06	6.418391e-06
8.96	6.888345e-06	6.576453e-06
9.00	7.091825e-06	6.752945e-06
9.04	7.322750e-06	6.960889e-06
9.08	7.597397e-06	7.217489e-06
9.12	7.931952e-06	7.539762e-06
9.16	8.339780e-06	7.941507e-06
9.20	8.833197e-06	8.435308e-06
9.24	9.425410e-06	9.034784e-06
9.28	1.012873e-05	9.752250e-06
9.32	1.095184e-05	1.059557e-05
9.36	1.190586e-05	1.157462e-05
9.40	1.300454e-05	1.270167e-05
9.44	1.427223e-05	1.399996e-05
9.48	1.577477e-05	1.553555e-05
9.52	1.761534e-05	1.741352e-05
9.56	1.991287e-05	1.975593e-05
9.60	2.278063e-05	2.267938e-05
9.64	2.632954e-05	2.629923e-05
9.68	3.069266e-05	3.075425e-05
9.72	3.607197e-05	3.625389e-05
9.76	4.275456e-05	4.309720e-05
9.80	5.099788e-05	5.155010e-05
9.84	6.101544e-05	6.182460e-05
9.88	7.308620e-05	7.419740e-05
9.92	8.773601e-05	8.920425e-05
9.96	1.057004e-04	1.076056e-04
10.00	1.277991e-04	1.302517e-04
10.04	1.548365e-04	1.579745e-04
10.08	1.874182e-04	1.913972e-04
10.12	2.259604e-04	2.309454e-04
10.16	2.705797e-04	2.767318e-04
10.20	3.210330e-04	3.284906e-04
10.24	3.766895e-04	3.855211e-04
10.28	4.365483e-04	4.467028e-04
10.32	4.994080e-04	5.107147e-04
10.36	5.638351e-04	5.759881e-04
10.40	6.282152e-04	6.407412e-04
10.44	6.909151e-04	7.031503e-04
10.48	7.505048e-04	7.616009e-04
10.52	8.057934e-04	8.147545e-04
10.56	8.558859e-04	8.616201e-04
10.60	9.001121e-04	9.014960e-04
10.64	9.379136e-04	9.338533e-04
10.68	9.688828e-04	9.583536e-04
10.72	9.927155e-04	9.748006e-04
10.76	1.009377e-03	9.833971e-04
10.80	1.019114e-03	9.846516e-04
10.84	1.022355e-03	9.792505e-04
10.88	1.019626e-03	9.679990e-04
10.92	1.011586e-03	9.518308e-04
10.96	9.989151e-04	9.316877e-04
11.00	9.821992e-04	9.083597e-04
11.04	9.618879e-04	8.824222e-04
11.08	9.386062e-04	8.545181e-04
11.12	9.137282e-04	8.260146e-04
11.16	8.886113e-04	7.983437e-04
11.20	8.638921e-04	7.722143e-04
11.24	8.397891e-04	7.478064e-04
11.28	8.164283e-04	7.251201e-04
11.32	7.938262e-04	7.040344e-04
11.36	7.719896e-04	6.844127e-04
11.40	7.509358e-04	6.661248e-04
11.44	7.307093e-04	6.490371e-04
11.48	7.116961e-04	6.333310e-04
11.52	6.941347e-04	6.191665e-04
11.56	6.779381e-04	6.064462e-04
11.60	6.630772e-04	5.950277e-04
11.64	6.496061e-04	5.847910e-04
11.68	6.374533e-04	5.756125e-04
11.72	6.264779e-04	5.673601e-04
11.76	6.165459e-04	5.599226e-04
11.80	6.075561e-04	5.532247e-04
11.84	5.994171e-04	5.472023e-04
11.88	5.920358e-04	5.417866e-04
11.92	5.853242e-04	5.369103e-04
11.96	5.792058e-04	5.325142e-04
12.00	5.736172e-04	5.285487e-04
12.04	5.685067e-04	5.249738e-04
12.08	5.638322e-04	5.217574e-04
12.12	5.595592e-04	5.188730e-04
12.16	5.556585e-04	5.162986e-04
12.20	5.521058e-04	5.140154e-04
12.24	5.488766e-04	5.120033e-04
12.28	5.459520e-04	5.102490e-04
12.32	5.433156e-04	5.087391e-04
12.36	5.409524e-04	5.074615e-04
12.40	5.388478e-04	5.064048e-04
12.44	5.369885e-04	5.055576e-04
12.48	5.353619e-04	5.049094e-04
12.52	5.339556e-04	5.044492e-04
12.56	5.327536e-04	5.041622e-04
12.60	5.317469e-04	5.040419e-04
12.64	5.309270e-04	5.040808e-04
12.68	5.302811e-04	5.042662e-04
12.72	5.297962e-04	5.045874e-04
12.76	5.294686e-04	5.050417e-04
12.80	5.292948e-04	5.056265e-04
12.84	5.292657e-04	5.063318e-04
12.88	5.293685e-04	5.071471e-04
12.92	5.296026e-04	5.080720e-04
12.96	5.299577e-04	5.090972e-04
13.00	5.304338e-04	5.102239e-04
13.04	5.310303e-04	5.114511e-04
13.08	5.317375e-04	5.127701e-04
13.12	5.325574e-04	5.141841e-04
13.16	5.334895e-04	5.156919e-04
13.20	5.345253e-04	5.172862e-04
13.24	5.356677e-04	5.189712e-04
13.28	5.369197e-04	5.207500e-04
13.32	5.382831e-04	5.226248e-04
13.36	5.397591e-04	5.245968e-04
13.40	5.413472e-04	5.266662e-04
13.44	5.430449e-04	5.288308e-04
13.48	5.448520e-04	5.310908e-04
13.52	5.467685e-04	5.334467e-04
13.56	5.487938e-04	5.358981e-04
13.60	5.509229e-04	5.384399e-04
13.64	5.531522e-04	5.410696e-04
13.68	5.554814e-04	5.437867e-04
13.72	5.579021e-04	5.465832e-04
13.76	5.604147e-04	5.494609e-04
13.80	5.630235e-04	5.524240e-04
13.84	5.657233e-04	5.554662e-04
13.88	5.685006e-04	5.585737e-04
13.92	5.713345e-04	5.617273e-04
13.96	5.742302e-04	5.649342e-04
14.00	5.771890e-04	5.681915e-04
14.04	5.801601e-04	5.714497e-04
14.08	5.831504e-04	5.747209e-04
14.12	5.861530e-04	5.779922e-04
14.16	5.891610e-04	5.812641e-04
14.20	5.921986e-04	5.845597e-04
14.24	5.952613e-04	5.878690e-04
14.28	5.983344e-04	5.911838e-04
14.32	6.014237e-04	5.945002e-04
14.36	6.044234e-04	5.977161e-04
14.40	6.073350e-04	6.008307e-04
14.44	6.100420e-04	6.037314e-04
14.48	6.125944e-04	6.064808e-04
14.52	6.150080e-04	6.090495e-04
14.56	6.165944e-04	6.107363e-04
14.60	6.173669e-04	6.116382e-04
14.64	6.175790e-04	6.120009e-04
14.68	6.174321e-04	6.120192e-04
14.72	6.166718e-04	6.113379e-04
14.76	6.149566e-04	6.096985e-04
14.80	6.116318e-04	6.063259e-04
14.84	6.059050e-04	6.005705e-04
14.88	5.979586e-04	5.925073e-04
14.92	5.864616e-04	5.808804e-04
14.96	5.719329e-04	5.661620e-04
15.00	5.525176e-04	5.464694e-04
15.04	5.288989e-04	5.227516e-04
15.08	5.015877e-04	4.952193e-04
15.12	4.697208e-04	4.632411e-04
15.16	4.345771e-04	4.280872e-04
15.20	3.969063e-04	3.905201e-04
15.24	3.577929e-04	3.516166e-04
15.28	3.181288e-04	3.122387e-04
15.32	2.786844e-04	2.731800e-04
15.36	2.405725e-04	2.355150e-04
15.40	2.041249e-04	1.995110e-04
15.44	1.694484e-04	1.652684e-04
15.48	1.374197e-04	1.338820e-04
15.52	1.096056e-04	1.066790e-04
15.56	8.545896e-05	8.305450e-05
15.60	6.444048e-05	6.248405e-05
15.64	4.667364e-05	4.523645e-05
15.68	3.237347e-05	3.136421e-05
15.72	2.091751e-05	2.025678e-05
15.76	1.178749e-05	1.140991e-05
15.80	4.555887e-06	4.407770e-06
15.84	0.000000e+00	0.000000e+00
15.88	0.000000e+00	0.000000e+00
15.92	0.000000e+00	0.000000e+00
15.96	0.000000e+00	0.000000e+00
16.00	0.000000e+00	0.000000e+00
