# Interaction rate with the URB_Protheroe96
# log10(E/eV)	1/lambda_PP [1/Mpc]	1/lambda_ICS [1/Mpc]	1/lambda_DPP [1/Mpc]	1/lambda_TPP [1/Mpc]
12.750	2.115277e-15	9.688120e-12	1.283948e-22	8.159930e-19
12.760	2.229677e-15	1.023510e-11	1.351723e-22	8.593817e-19
12.770	2.350297e-15	1.081311e-11	1.423089e-22	9.050875e-19
12.780	2.477477e-15	1.142392e-11	1.498236e-22	9.532345e-19
12.790	2.611574e-15	1.206938e-11	1.577367e-22	1.003954e-18
12.800	2.752967e-15	1.275148e-11	1.660693e-22	1.057383e-18
12.810	2.902056e-15	1.347231e-11	1.748437e-22	1.113669e-18
12.820	3.059262e-15	1.423407e-11	1.840834e-22	1.172963e-18
12.830	3.225028e-15	1.503909e-11	1.938132e-22	1.235429e-18
12.840	3.399824e-15	1.588985e-11	2.040593e-22	1.301236e-18
12.850	3.584143e-15	1.678896e-11	2.148491e-22	1.370563e-18
12.860	3.778509e-15	1.773916e-11	2.262116e-22	1.443600e-18
12.870	3.983471e-15	1.874338e-11	2.381774e-22	1.520547e-18
12.880	4.199609e-15	1.980470e-11	2.507785e-22	1.601614e-18
12.890	4.427538e-15	2.092637e-11	2.640489e-22	1.687021e-18
12.900	4.667903e-15	2.211185e-11	2.780243e-22	1.777004e-18
12.910	4.921388e-15	2.336478e-11	2.927422e-22	1.871808e-18
12.920	5.188711e-15	2.468901e-11	3.082423e-22	1.971692e-18
12.930	5.470632e-15	2.608861e-11	3.245664e-22	2.076931e-18
12.940	5.767953e-15	2.756789e-11	3.417584e-22	2.187812e-18
12.950	6.081521e-15	2.913141e-11	3.598646e-22	2.304640e-18
12.960	6.412226e-15	3.078396e-11	3.789340e-22	2.427735e-18
12.970	6.761012e-15	3.253066e-11	3.990179e-22	2.557435e-18
12.980	7.128872e-15	3.437687e-11	4.201706e-22	2.694096e-18
12.990	7.516856e-15	3.632829e-11	4.424491e-22	2.838094e-18
13.000	7.926069e-15	3.839094e-11	4.659137e-22	2.989824e-18
13.010	8.357680e-15	4.057117e-11	4.906278e-22	3.149703e-18
13.020	8.812922e-15	4.287571e-11	5.166582e-22	3.318171e-18
13.030	9.293095e-15	4.531168e-11	5.440754e-22	3.495693e-18
13.040	9.799574e-15	4.788660e-11	5.729534e-22	3.682756e-18
13.050	1.033381e-14	5.060842e-11	6.033707e-22	3.879877e-18
13.060	1.089732e-14	5.348554e-11	6.354094e-22	4.087599e-18
13.070	1.149173e-14	5.652686e-11	6.691565e-22	4.306494e-18
13.080	1.211874e-14	5.974178e-11	7.047034e-22	4.537167e-18
13.090	1.278015e-14	6.314025e-11	7.421466e-22	4.780255e-18
13.100	1.347786e-14	6.673276e-11	7.815877e-22	5.036429e-18
13.110	1.421386e-14	7.053045e-11	8.231338e-22	5.306396e-18
13.120	1.499028e-14	7.454506e-11	8.668977e-22	5.590905e-18
13.130	1.580934e-14	7.878902e-11	9.129984e-22	5.890741e-18
13.140	1.667339e-14	8.327547e-11	9.615612e-22	6.206735e-18
13.150	1.758494e-14	8.801832e-11	1.012718e-21	6.539762e-18
13.160	1.854659e-14	9.303225e-11	1.066609e-21	6.890744e-18
13.170	1.956112e-14	9.833282e-11	1.123379e-21	7.260655e-18
13.180	2.063145e-14	1.039364e-10	1.183184e-21	7.650521e-18
13.190	2.176067e-14	1.098605e-10	1.246188e-21	8.061423e-18
13.200	2.295204e-14	1.161234e-10	1.312560e-21	8.494502e-18
13.210	2.420899e-14	1.227445e-10	1.382484e-21	8.950963e-18
13.220	2.553517e-14	1.297444e-10	1.456148e-21	9.432072e-18
13.230	2.693439e-14	1.371448e-10	1.533756e-21	9.939169e-18
13.240	2.841070e-14	1.449687e-10	1.615517e-21	1.047366e-17
13.250	2.996838e-14	1.532404e-10	1.701657e-21	1.103705e-17
13.260	3.161194e-14	1.619856e-10	1.792411e-21	1.163088e-17
13.270	3.334614e-14	1.712315e-10	1.888026e-21	1.225683e-17
13.280	3.517600e-14	1.810068e-10	1.988765e-21	1.291663e-17
13.290	3.710683e-14	1.913418e-10	2.094903e-21	1.361213e-17
13.300	3.914424e-14	2.022687e-10	2.206732e-21	1.434527e-17
13.310	4.129413e-14	2.138216e-10	2.324557e-21	1.511810e-17
13.320	4.356275e-14	2.260362e-10	2.448702e-21	1.593276e-17
13.330	4.595670e-14	2.389507e-10	2.579508e-21	1.679155e-17
13.340	4.848294e-14	2.526052e-10	2.717333e-21	1.769687e-17
13.350	5.114881e-14	2.670421e-10	2.862556e-21	1.865124e-17
13.360	5.396209e-14	2.823065e-10	3.015577e-21	1.965735e-17
13.370	5.693096e-14	2.984459e-10	3.176815e-21	2.071800e-17
13.380	6.006408e-14	3.155104e-10	3.346714e-21	2.183618e-17
13.390	6.337059e-14	3.335533e-10	3.525743e-21	2.301502e-17
13.400	6.686013e-14	3.526308e-10	3.714393e-21	2.425782e-17
13.410	7.054290e-14	3.728022e-10	3.913184e-21	2.556809e-17
13.420	7.442964e-14	3.941304e-10	4.122665e-21	2.694949e-17
13.430	7.853172e-14	4.166819e-10	4.343413e-21	2.840591e-17
13.440	8.286115e-14	4.405270e-10	4.576037e-21	2.994145e-17
13.450	8.743058e-14	4.657399e-10	4.821179e-21	3.156042e-17
13.460	9.225339e-14	4.923993e-10	5.079516e-21	3.326740e-17
13.470	9.734372e-14	5.205882e-10	5.351762e-21	3.506718e-17
13.480	1.027165e-13	5.503947e-10	5.638669e-21	3.696483e-17
13.490	1.083874e-13	5.819116e-10	5.941032e-21	3.896572e-17
13.500	1.143732e-13	6.152371e-10	6.259686e-21	4.107548e-17
13.510	1.206914e-13	6.504753e-10	6.595515e-21	4.330008e-17
13.520	1.273605e-13	6.877361e-10	6.949448e-21	4.564579e-17
13.530	1.344003e-13	7.271356e-10	7.322466e-21	4.811924e-17
13.540	1.418312e-13	7.687968e-10	7.715604e-21	5.072744e-17
13.550	1.496754e-13	8.128497e-10	8.129952e-21	5.347775e-17
13.560	1.579557e-13	8.594317e-10	8.566662e-21	5.637797e-17
13.570	1.666967e-13	9.086882e-10	9.026944e-21	5.943631e-17
13.580	1.759241e-13	9.607728e-10	9.512080e-21	6.266144e-17
13.590	1.856650e-13	1.015848e-09	1.002342e-20	6.606251e-17
13.600	1.959483e-13	1.074086e-09	1.056238e-20	6.964916e-17
13.610	2.068043e-13	1.135668e-09	1.113046e-20	7.343158e-17
13.620	2.182651e-13	1.200787e-09	1.172925e-20	7.742051e-17
13.630	2.303645e-13	1.269645e-09	1.236042e-20	8.162728e-17
13.640	2.431383e-13	1.342458e-09	1.302572e-20	8.606386e-17
13.650	2.566244e-13	1.419453e-09	1.372701e-20	9.074288e-17
13.660	2.708626e-13	1.500869e-09	1.446624e-20	9.567765e-17
13.670	2.858951e-13	1.586962e-09	1.524549e-20	1.008822e-16
13.680	3.017664e-13	1.678000e-09	1.606692e-20	1.063715e-16
13.690	3.185237e-13	1.774267e-09	1.693283e-20	1.121610e-16
13.700	3.362166e-13	1.876064e-09	1.784565e-20	1.182673e-16
13.710	3.548977e-13	1.983707e-09	1.880793e-20	1.247079e-16
13.720	3.746224e-13	2.097533e-09	1.982236e-20	1.315011e-16
13.730	3.954494e-13	2.217897e-09	2.089179e-20	1.386664e-16
13.740	4.174406e-13	2.345175e-09	2.201921e-20	1.462242e-16
13.750	4.406614e-13	2.479764e-09	2.320778e-20	1.541962e-16
13.760	4.651808e-13	2.622083e-09	2.446084e-20	1.626052e-16
13.770	4.910721e-13	2.772577e-09	2.578190e-20	1.714753e-16
13.780	5.184122e-13	2.931715e-09	2.717468e-20	1.808319e-16
13.790	5.472827e-13	3.099992e-09	2.864308e-20	1.907018e-16
13.800	5.777697e-13	3.277935e-09	3.019125e-20	2.011134e-16
13.810	6.099641e-13	3.466097e-09	3.182353e-20	2.120965e-16
13.820	6.439622e-13	3.665066e-09	3.354452e-20	2.236827e-16
13.830	6.798655e-13	3.875462e-09	3.535906e-20	2.359054e-16
13.840	7.177813e-13	4.097940e-09	3.727227e-20	2.487995e-16
13.850	7.578229e-13	4.333194e-09	3.928954e-20	2.624023e-16
13.860	8.001103e-13	4.581956e-09	4.141656e-20	2.767530e-16
13.870	8.447699e-13	4.845002e-09	4.365934e-20	2.918927e-16
13.880	8.919356e-13	5.123152e-09	4.602421e-20	3.078653e-16
13.890	9.417487e-13	5.417271e-09	4.851786e-20	3.247167e-16
13.900	9.943586e-13	5.728275e-09	5.114732e-20	3.424956e-16
13.910	1.049923e-12	6.057133e-09	5.392004e-20	3.612533e-16
13.920	1.108609e-12	6.404868e-09	5.684387e-20	3.810440e-16
13.930	1.170592e-12	6.772562e-09	5.992709e-20	4.019249e-16
13.940	1.236060e-12	7.161360e-09	6.317843e-20	4.239564e-16
13.950	1.305207e-12	7.572470e-09	6.660712e-20	4.472022e-16
13.960	1.378244e-12	8.007172e-09	7.022287e-20	4.717297e-16
13.970	1.455389e-12	8.466816e-09	7.403595e-20	4.976098e-16
13.980	1.536874e-12	8.952832e-09	7.805718e-20	5.249177e-16
13.990	1.622945e-12	9.466730e-09	8.229800e-20	5.537325e-16
14.000	1.713862e-12	1.001011e-08	8.677046e-20	5.841378e-16
14.010	1.809899e-12	1.058465e-08	9.148727e-20	6.162220e-16
14.020	1.911344e-12	1.119214e-08	9.646187e-20	6.500782e-16
14.030	2.018505e-12	1.183447e-08	1.017084e-19	6.858048e-16
14.040	2.131705e-12	1.251363e-08	1.072419e-19	7.235057e-16
14.050	2.251286e-12	1.323172e-08	1.130780e-19	7.632908e-16
14.060	2.377609e-12	1.399098e-08	1.192335e-19	8.052757e-16
14.070	2.511057e-12	1.479375e-08	1.257258e-19	8.495828e-16
14.080	2.652032e-12	1.564253e-08	1.325736e-19	8.963414e-16
14.090	2.800962e-12	1.653994e-08	1.397963e-19	9.456876e-16
14.100	2.958299e-12	1.748877e-08	1.474147e-19	9.977657e-16
14.110	3.124517e-12	1.849195e-08	1.554506e-19	1.052728e-15
14.120	3.300122e-12	1.955258e-08	1.639268e-19	1.110734e-15
14.130	3.485645e-12	2.067396e-08	1.728678e-19	1.171954e-15
14.140	3.681651e-12	2.185953e-08	1.822992e-19	1.236567e-15
14.150	3.888732e-12	2.311298e-08	1.922478e-19	1.304763e-15
14.160	4.107519e-12	2.443816e-08	2.027424e-19	1.376740e-15
14.170	4.338677e-12	2.583919e-08	2.138130e-19	1.452710e-15
14.180	4.582907e-12	2.732037e-08	2.254915e-19	1.532895e-15
14.190	4.840952e-12	2.888628e-08	2.378113e-19	1.617531e-15
14.200	5.113598e-12	3.054176e-08	2.508079e-19	1.706865e-15
14.210	5.401674e-12	3.229189e-08	2.645186e-19	1.801161e-15
14.220	5.706058e-12	3.414209e-08	2.789831e-19	1.900695e-15
14.230	6.027677e-12	3.609804e-08	2.942428e-19	2.005760e-15
14.240	6.367510e-12	3.816577e-08	3.103418e-19	2.116665e-15
14.250	6.726595e-12	4.035164e-08	3.273265e-19	2.233736e-15
14.260	7.106026e-12	4.266238e-08	3.452458e-19	2.357319e-15
14.270	7.506962e-12	4.510508e-08	3.641516e-19	2.487776e-15
14.280	7.930626e-12	4.768725e-08	3.840984e-19	2.625492e-15
14.290	8.378312e-12	5.041681e-08	4.051438e-19	2.770875e-15
14.300	8.851389e-12	5.330215e-08	4.273487e-19	2.924352e-15
14.310	9.351303e-12	5.635212e-08	4.507773e-19	3.086377e-15
14.320	9.879581e-12	5.957606e-08	4.754975e-19	3.257429e-15
14.330	1.043784e-11	6.298385e-08	5.015808e-19	3.438013e-15
14.340	1.102779e-11	6.658592e-08	5.291029e-19	3.628663e-15
14.350	1.165124e-11	7.039330e-08	5.581435e-19	3.829943e-15
14.360	1.231010e-11	7.441762e-08	5.887868e-19	4.042449e-15
14.370	1.300638e-11	7.867119e-08	6.211219e-19	4.266812e-15
14.380	1.374222e-11	8.316700e-08	6.552426e-19	4.503695e-15
14.390	1.451987e-11	8.791876e-08	6.912481e-19	4.753801e-15
14.400	1.534173e-11	9.294098e-08	7.292431e-19	5.017872e-15
14.410	1.621032e-11	9.824895e-08	7.693382e-19	5.296693e-15
14.420	1.712830e-11	1.038588e-07	8.116499e-19	5.591090e-15
14.430	1.809849e-11	1.097877e-07	8.563017e-19	5.901940e-15
14.440	1.912387e-11	1.160537e-07	9.034235e-19	6.230167e-15
14.450	2.020760e-11	1.226757e-07	9.531528e-19	6.576746e-15
14.460	2.135301e-11	1.296739e-07	1.005635e-18	6.942711e-15
14.470	2.256362e-11	1.370695e-07	1.061022e-18	7.329149e-15
14.480	2.384315e-11	1.448850e-07	1.119478e-18	7.737214e-15
14.490	2.519556e-11	1.531440e-07	1.181171e-18	8.168121e-15
14.500	2.662499e-11	1.618716e-07	1.246284e-18	8.623155e-15
14.510	2.813586e-11	1.710941e-07	1.315006e-18	9.103676e-15
14.520	2.973282e-11	1.808394e-07	1.387538e-18	9.611118e-15
14.530	3.142080e-11	1.911370e-07	1.464093e-18	1.014700e-14
14.540	3.320500e-11	2.020180e-07	1.544895e-18	1.071291e-14
14.550	3.509092e-11	2.135151e-07	1.630182e-18	1.131056e-14
14.560	3.708439e-11	2.256630e-07	1.720202e-18	1.194173e-14
14.570	3.919156e-11	2.384983e-07	1.815222e-18	1.260830e-14
14.580	4.141893e-11	2.520596e-07	1.915519e-18	1.331228e-14
14.590	4.377339e-11	2.663876e-07	2.021389e-18	1.405578e-14
14.600	4.626221e-11	2.815253e-07	2.133142e-18	1.484102e-14
14.610	4.889309e-11	2.975181e-07	2.251109e-18	1.567036e-14
14.620	5.167416e-11	3.144141e-07	2.375634e-18	1.654629e-14
14.630	5.461403e-11	3.322637e-07	2.507087e-18	1.747145e-14
14.640	5.772178e-11	3.511203e-07	2.645853e-18	1.844860e-14
14.650	6.100704e-11	3.710403e-07	2.792343e-18	1.948068e-14
14.660	6.447997e-11	3.920832e-07	2.946987e-18	2.057081e-14
14.670	6.815134e-11	4.143117e-07	3.110244e-18	2.172226e-14
14.680	7.203251e-11	4.377920e-07	3.282594e-18	2.293849e-14
14.690	7.613552e-11	4.625941e-07	3.464547e-18	2.422318e-14
14.700	8.047307e-11	4.887916e-07	3.656642e-18	2.558019e-14
14.710	8.505861e-11	5.164623e-07	3.859446e-18	2.701361e-14
14.720	8.990637e-11	5.456885e-07	4.073559e-18	2.852776e-14
14.730	9.503139e-11	5.765565e-07	4.299616e-18	3.012723e-14
14.740	1.004496e-10	6.091579e-07	4.538287e-18	3.181683e-14
14.750	1.061777e-10	6.435891e-07	4.790279e-18	3.360167e-14
14.760	1.122336e-10	6.799517e-07	5.056339e-18	3.548714e-14
14.770	1.186360e-10	7.183531e-07	5.337257e-18	3.747895e-14
14.780	1.254049e-10	7.589063e-07	5.633868e-18	3.958312e-14
14.790	1.325612e-10	8.017308e-07	5.947052e-18	4.180602e-14
14.800	1.401273e-10	8.469525e-07	6.277741e-18	4.415438e-14
14.810	1.481265e-10	8.947042e-07	6.626917e-18	4.663531e-14
14.820	1.565839e-10	9.451259e-07	6.995621e-18	4.925634e-14
14.830	1.655256e-10	9.983654e-07	7.384950e-18	5.202541e-14
14.840	1.749795e-10	1.054578e-06	7.796063e-18	5.495092e-14
14.850	1.849751e-10	1.113929e-06	8.230186e-18	5.804175e-14
14.860	1.955433e-10	1.176591e-06	8.688613e-18	6.130729e-14
14.870	2.067171e-10	1.242746e-06	9.172713e-18	6.475745e-14
14.880	2.185312e-10	1.312588e-06	9.683930e-18	6.840273e-14
14.890	2.310225e-10	1.386318e-06	1.022379e-17	7.225420e-14
14.900	2.442299e-10	1.464152e-06	1.079391e-17	7.632358e-14
14.910	2.581944e-10	1.546315e-06	1.139599e-17	8.062325e-14
14.920	2.729595e-10	1.633045e-06	1.203184e-17	8.516632e-14
14.930	2.885713e-10	1.724593e-06	1.270335e-17	8.996660e-14
14.940	3.050784e-10	1.821222e-06	1.341253e-17	9.503874e-14
14.950	3.225323e-10	1.923212e-06	1.416152e-17	1.003982e-13
14.960	3.409872e-10	2.030856e-06	1.495256e-17	1.060613e-13
14.970	3.605009e-10	2.144464e-06	1.578801e-17	1.120454e-13
14.980	3.811340e-10	2.264362e-06	1.667039e-17	1.183686e-13
14.990	4.029510e-10	2.390894e-06	1.760235e-17	1.250504e-13
15.000	4.260198e-10	2.524421e-06	1.858668e-17	1.321111e-13
15.010	4.504124e-10	2.665325e-06	1.962634e-17	1.395723e-13
15.020	4.762049e-10	2.814009e-06	2.072446e-17	1.474569e-13
15.030	5.034778e-10	2.970896e-06	2.188435e-17	1.557888e-13
15.040	5.323161e-10	3.136433e-06	2.310948e-17	1.645937e-13
15.050	5.628098e-10	3.311089e-06	2.440356e-17	1.738986e-13
15.060	5.950540e-10	3.495360e-06	2.577047e-17	1.837317e-13
15.070	6.291494e-10	3.689768e-06	2.721435e-17	1.941235e-13
15.080	6.652025e-10	3.894862e-06	2.873954e-17	2.051055e-13
15.090	7.033256e-10	4.111221e-06	3.035065e-17	2.167116e-13
15.100	7.436378e-10	4.339455e-06	3.205253e-17	2.289774e-13
15.110	7.862650e-10	4.580205e-06	3.385033e-17	2.419404e-13
15.120	8.313402e-10	4.834148e-06	3.574949e-17	2.556405e-13
15.130	8.790040e-10	5.101996e-06	3.775573e-17	2.701198e-13
15.140	9.294054e-10	5.384497e-06	3.987514e-17	2.854226e-13
15.150	9.827017e-10	5.682441e-06	4.211411e-17	3.015961e-13
15.160	1.039059e-09	5.996660e-06	4.447943e-17	3.186900e-13
15.170	1.098654e-09	6.328027e-06	4.697827e-17	3.367568e-13
15.180	1.161672e-09	6.677463e-06	4.961819e-17	3.558521e-13
15.190	1.228310e-09	7.045937e-06	5.240720e-17	3.760348e-13
15.200	1.298776e-09	7.434470e-06	5.535375e-17	3.973668e-13
15.210	1.373291e-09	7.844135e-06	5.846678e-17	4.199140e-13
15.220	1.452086e-09	8.276062e-06	6.175576e-17	4.437457e-13
15.230	1.535407e-09	8.731440e-06	6.523065e-17	4.689355e-13
15.240	1.623516e-09	9.211520e-06	6.890203e-17	4.955610e-13
15.250	1.716687e-09	9.717618e-06	7.278104e-17	5.237043e-13
15.260	1.815210e-09	1.025112e-05	7.687950e-17	5.534521e-13
15.270	1.919394e-09	1.081348e-05	8.120986e-17	5.848964e-13
15.280	2.029564e-09	1.140624e-05	8.578531e-17	6.181342e-13
15.290	2.146063e-09	1.203100e-05	9.061978e-17	6.532681e-13
15.300	2.269255e-09	1.268947e-05	9.572799e-17	6.904066e-13
15.310	2.399524e-09	1.338342e-05	1.011255e-16	7.296645e-13
15.320	2.537278e-09	1.411473e-05	1.068288e-16	7.711631e-13
15.330	2.682945e-09	1.488538e-05	1.128553e-16	8.150308e-13
15.340	2.836981e-09	1.569745e-05	1.192233e-16	8.614031e-13
15.350	2.999866e-09	1.655310e-05	1.259524e-16	9.104236e-13
15.360	3.172107e-09	1.745464e-05	1.330629e-16	9.622438e-13
15.370	3.354243e-09	1.840448e-05	1.405768e-16	1.017024e-12
15.380	3.546841e-09	1.940515e-05	1.485169e-16	1.074935e-12
15.390	3.750502e-09	2.045933e-05	1.569076e-16	1.136154e-12
15.400	3.965860e-09	2.156980e-05	1.657744e-16	1.200872e-12
15.410	4.193587e-09	2.273951e-05	1.751445e-16	1.269290e-12
15.420	4.434393e-09	2.397157e-05	1.850467e-16	1.341619e-12
15.430	4.689028e-09	2.526921e-05	1.955113e-16	1.418084e-12
15.440	4.958285e-09	2.663586e-05	2.065702e-16	1.498921e-12
15.450	5.243003e-09	2.807511e-05	2.182575e-16	1.584382e-12
15.460	5.544069e-09	2.959073e-05	2.306089e-16	1.674731e-12
15.470	5.862421e-09	3.118667e-05	2.436623e-16	1.770249e-12
15.480	6.199049e-09	3.286711e-05	2.574578e-16	1.871233e-12
15.490	6.555001e-09	3.463641e-05	2.720378e-16	1.977996e-12
15.500	6.931384e-09	3.649918e-05	2.874470e-16	2.090869e-12
15.510	7.329370e-09	3.846022e-05	3.037328e-16	2.210204e-12
15.520	7.750197e-09	4.052460e-05	3.209452e-16	2.336370e-12
15.530	8.195172e-09	4.269765e-05	3.391371e-16	2.469760e-12
15.540	8.665680e-09	4.498494e-05	3.583646e-16	2.610788e-12
15.550	9.163182e-09	4.739233e-05	3.786866e-16	2.759893e-12
15.560	9.689225e-09	4.992599e-05	4.001659e-16	2.917538e-12
15.570	1.024544e-08	5.259236e-05	4.228684e-16	3.084214e-12
15.580	1.083356e-08	5.539824e-05	4.468642e-16	3.260439e-12
15.590	1.145540e-08	5.835072e-05	4.722272e-16	3.446761e-12
15.600	1.211290e-08	6.145729e-05	4.990355e-16	3.643760e-12
15.610	1.280810e-08	6.472577e-05	5.273717e-16	3.852049e-12
15.620	1.354315e-08	6.816439e-05	5.573234e-16	4.072275e-12
15.630	1.432033e-08	7.178177e-05	5.889828e-16	4.305126e-12
15.640	1.514205e-08	7.558696e-05	6.224477e-16	4.551325e-12
15.650	1.601086e-08	7.958945e-05	6.578213e-16	4.811639e-12
15.660	1.692944e-08	8.379920e-05	6.952130e-16	5.086878e-12
15.670	1.790064e-08	8.822664e-05	7.347381e-16	5.377901e-12
15.680	1.892746e-08	9.288273e-05	7.765189e-16	5.685613e-12
15.690	2.001309e-08	9.777894e-05	8.206844e-16	6.010973e-12
15.700	2.116087e-08	1.029273e-04	8.673712e-16	6.354994e-12
15.710	2.237435e-08	1.083405e-04	9.167237e-16	6.718749e-12
15.720	2.365729e-08	1.140316e-04	9.688945e-16	7.103372e-12
15.730	2.501365e-08	1.200147e-04	1.024045e-15	7.510060e-12
15.740	2.644760e-08	1.263041e-04	1.082346e-15	7.940082e-12
15.750	2.796359e-08	1.329152e-04	1.143978e-15	8.394777e-12
15.760	2.956627e-08	1.398639e-04	1.209132e-15	8.875563e-12
15.770	3.126059e-08	1.471669e-04	1.278009e-15	9.383940e-12
15.780	3.305177e-08	1.548417e-04	1.350824e-15	9.921491e-12
15.790	3.494533e-08	1.629067e-04	1.427801e-15	1.048989e-11
15.800	3.694709e-08	1.713812e-04	1.509180e-15	1.109092e-11
15.810	3.906321e-08	1.802852e-04	1.595212e-15	1.172644e-11
15.820	4.130020e-08	1.896398e-04	1.686164e-15	1.239844e-11
15.830	4.366493e-08	1.994671e-04	1.782320e-15	1.310902e-11
15.840	4.616466e-08	2.097902e-04	1.883976e-15	1.386039e-11
15.850	4.880707e-08	2.206334e-04	1.991449e-15	1.465489e-11
15.860	5.160026e-08	2.320220e-04	2.105072e-15	1.549500e-11
15.870	5.455279e-08	2.439824e-04	2.225198e-15	1.638334e-11
15.880	5.767372e-08	2.565425e-04	2.352200e-15	1.732269e-11
15.890	6.097259e-08	2.697312e-04	2.486472e-15	1.831596e-11
15.900	6.445951e-08	2.835791e-04	2.628432e-15	1.936627e-11
15.910	6.814514e-08	2.981178e-04	2.778521e-15	2.047688e-11
15.920	7.204074e-08	3.133807e-04	2.937205e-15	2.165125e-11
15.930	7.615821e-08	3.294025e-04	3.104977e-15	2.289306e-11
15.940	8.051012e-08	3.462197e-04	3.282360e-15	2.420616e-11
15.950	8.510975e-08	3.638702e-04	3.469905e-15	2.559466e-11
15.960	8.997112e-08	3.823940e-04	3.668194e-15	2.706289e-11
15.970	9.510903e-08	4.018326e-04	3.877846e-15	2.861541e-11
15.980	1.005391e-07	4.222296e-04	4.099512e-15	3.025708e-11
15.990	1.062779e-07	4.436303e-04	4.333881e-15	3.199301e-11
16.000	1.123429e-07	4.660824e-04	4.581684e-15	3.382860e-11
16.010	1.187524e-07	4.896356e-04	4.843692e-15	3.576958e-11
16.020	1.255259e-07	5.143417e-04	5.120720e-15	3.782200e-11
16.030	1.326840e-07	5.402550e-04	5.413631e-15	3.999226e-11
16.040	1.402484e-07	5.674322e-04	5.723337e-15	4.228711e-11
16.050	1.482419e-07	5.959325e-04	6.050802e-15	4.471370e-11
16.060	1.566888e-07	6.258177e-04	6.397046e-15	4.727959e-11
16.070	1.656146e-07	6.571523e-04	6.763148e-15	4.999278e-11
16.080	1.750462e-07	6.900039e-04	7.150248e-15	5.286170e-11
16.090	1.850122e-07	7.244428e-04	7.559553e-15	5.589530e-11
16.100	1.955425e-07	7.605425e-04	7.992336e-15	5.910301e-11
16.110	2.066689e-07	7.983798e-04	8.449948e-15	6.249482e-11
16.120	2.184249e-07	9.277860e-04	8.933814e-15	6.608128e-11
16.130	2.308458e-07	9.569974e-04	9.445442e-15	6.987355e-11
16.140	2.439690e-07	9.874693e-04	9.986426e-15	7.388343e-11
16.150	2.578339e-07	1.019259e-03	1.055845e-14	7.812338e-11
16.160	2.724821e-07	1.052425e-03	1.116331e-14	8.260660e-11
16.170	2.879574e-07	1.087030e-03	1.180287e-14	8.734701e-11
16.180	3.043062e-07	1.123138e-03	1.247914e-14	9.235935e-11
16.190	3.215773e-07	1.160818e-03	1.319422e-14	9.765919e-11
16.200	3.398225e-07	1.200139e-03	1.395034e-14	1.032630e-10
16.210	3.590961e-07	1.241176e-03	1.474986e-14	1.091882e-10
16.220	3.794557e-07	1.284005e-03	1.559528e-14	1.154531e-10
16.230	4.009618e-07	1.328708e-03	1.648922e-14	1.220772e-10
16.240	4.236785e-07	1.375367e-03	1.743447e-14	1.290812e-10
16.250	4.476733e-07	1.424070e-03	1.843399e-14	1.364866e-10
16.260	4.730175e-07	1.514648e-03	1.949088e-14	1.443164e-10
16.270	4.997862e-07	1.562528e-03	2.060844e-14	1.525950e-10
16.280	5.280587e-07	1.612431e-03	2.179016e-14	1.613480e-10
16.290	5.579189e-07	1.664447e-03	2.303972e-14	1.706025e-10
16.300	5.894548e-07	1.718668e-03	2.436101e-14	1.803871e-10
16.310	6.227597e-07	1.775193e-03	2.575815e-14	1.907322e-10
16.320	6.579318e-07	1.834121e-03	2.723550e-14	2.016699e-10
16.330	6.950748e-07	1.895560e-03	2.879766e-14	2.132338e-10
16.340	7.342979e-07	1.959619e-03	3.044950e-14	2.254598e-10
16.350	7.757165e-07	2.026413e-03	3.219616e-14	2.383857e-10
16.360	8.194521e-07	2.096062e-03	3.404309e-14	2.520515e-10
16.370	8.656330e-07	2.300321e-03	3.599604e-14	2.664993e-10
16.380	9.143944e-07	2.359576e-03	3.806110e-14	2.817737e-10
16.390	9.658791e-07	2.421099e-03	4.024469e-14	2.979220e-10
16.400	1.020237e-06	2.484987e-03	4.255363e-14	3.149939e-10
16.410	1.077628e-06	2.551338e-03	4.499509e-14	3.330421e-10
16.420	1.138217e-06	2.620258e-03	4.757667e-14	3.521222e-10
16.430	1.202183e-06	2.691854e-03	5.030643e-14	3.722931e-10
16.440	1.269710e-06	2.766240e-03	5.319285e-14	3.936167e-10
16.450	1.340995e-06	2.843533e-03	5.624491e-14	4.161589e-10
16.460	1.416244e-06	2.982784e-03	5.947212e-14	4.399889e-10
16.470	1.495675e-06	3.059315e-03	6.288451e-14	4.651799e-10
16.480	1.579517e-06	3.138724e-03	6.649270e-14	4.918096e-10
16.490	1.668013e-06	3.221129e-03	7.030791e-14	5.199595e-10
16.500	1.761418e-06	3.306656e-03	7.434200e-14	5.497163e-10
16.510	1.860000e-06	3.395434e-03	7.860752e-14	5.811712e-10
16.520	1.964043e-06	3.487598e-03	8.311772e-14	6.144207e-10
16.530	2.073845e-06	3.583288e-03	8.788662e-14	6.495666e-10
16.540	2.189721e-06	3.822686e-03	9.292903e-14	6.867168e-10
16.550	2.312002e-06	3.909523e-03	9.826061e-14	7.259849e-10
16.560	2.441038e-06	3.999371e-03	1.038979e-13	7.674911e-10
16.570	2.577197e-06	4.092350e-03	1.098585e-13	8.113623e-10
16.580	2.720866e-06	4.188583e-03	1.161607e-13	8.577327e-10
16.590	2.872455e-06	4.288201e-03	1.228243e-13	9.067439e-10
16.600	3.032393e-06	4.391338e-03	1.298698e-13	9.585454e-10
16.610	3.201133e-06	4.498137e-03	1.373191e-13	1.013295e-09
16.620	3.379153e-06	4.650118e-03	1.451954e-13	1.071161e-09
16.630	3.566957e-06	4.759026e-03	1.535229e-13	1.132317e-09
16.640	3.765073e-06	4.871719e-03	1.623275e-13	1.196952e-09
16.650	3.974059e-06	4.988346e-03	1.716365e-13	1.265261e-09
16.660	4.194504e-06	5.109063e-03	1.814787e-13	1.337452e-09
16.670	4.427024e-06	5.234032e-03	1.918846e-13	1.413745e-09
16.680	4.672273e-06	5.491972e-03	2.028863e-13	1.494371e-09
16.690	4.930935e-06	5.609714e-03	2.145179e-13	1.579574e-09
16.700	5.203732e-06	5.731272e-03	2.268154e-13	1.669613e-09
16.710	5.491425e-06	5.856790e-03	2.398167e-13	1.764761e-09
16.720	5.794814e-06	5.986420e-03	2.535620e-13	1.865306e-09
16.730	6.114740e-06	6.120317e-03	2.680938e-13	1.971551e-09
16.740	6.452091e-06	6.310549e-03	2.834570e-13	2.083818e-09
16.750	6.807799e-06	6.446766e-03	2.996988e-13	2.202446e-09
16.760	7.182847e-06	6.587361e-03	3.168695e-13	2.327793e-09
16.770	7.578267e-06	6.732500e-03	3.350219e-13	2.460236e-09
16.780	7.995148e-06	6.882353e-03	3.542121e-13	2.600175e-09
16.790	8.434633e-06	7.164371e-03	3.744990e-13	2.748030e-09
16.800	8.897926e-06	7.308962e-03	3.959452e-13	2.904247e-09
16.810	9.386295e-06	7.457917e-03	4.186167e-13	3.069294e-09
16.820	9.901070e-06	7.611392e-03	4.425832e-13	3.243667e-09
16.830	1.044366e-05	7.769551e-03	4.679183e-13	3.427889e-09
16.840	1.101552e-05	7.974260e-03	4.947000e-13	3.622512e-09
16.850	1.161823e-05	8.137372e-03	5.230104e-13	3.828117e-09
16.860	1.225339e-05	8.305404e-03	5.529365e-13	4.045321e-09
16.870	1.292274e-05	8.478531e-03	5.845701e-13	4.274772e-09
16.880	1.362808e-05	8.656937e-03	6.180082e-13	4.517155e-09
16.890	1.437129e-05	8.959416e-03	6.533532e-13	4.773192e-09
16.900	1.515438e-05	9.134359e-03	6.907134e-13	5.043647e-09
16.910	1.597944e-05	9.314306e-03	7.302032e-13	5.329324e-09
16.920	1.684868e-05	9.499432e-03	7.719434e-13	5.631071e-09
16.930	1.776440e-05	9.689914e-03	8.160615e-13	5.949787e-09
16.940	1.872906e-05	9.931827e-03	8.626924e-13	6.286414e-09
16.950	1.974520e-05	1.012741e-02	9.119784e-13	6.641953e-09
16.960	2.081552e-05	1.032857e-02	9.640701e-13	7.017454e-09
16.970	2.194285e-05	1.053549e-02	1.019126e-12	7.414027e-09
16.980	2.313014e-05	1.085823e-02	1.077315e-12	7.832846e-09
16.990	2.438054e-05	1.106328e-02	1.138812e-12	8.275144e-09
17.000	2.569731e-05	1.127388e-02	1.203807e-12	8.742226e-09
17.010	2.708389e-05	1.149022e-02	1.272495e-12	9.235466e-09
17.020	2.854392e-05	1.174859e-02	1.345087e-12	9.756315e-09
17.030	3.008118e-05	1.197245e-02	1.421803e-12	1.030630e-08
17.040	3.169968e-05	1.220236e-02	1.502874e-12	1.088704e-08
17.050	3.340360e-05	1.243852e-02	1.588549e-12	1.150023e-08
17.060	3.519734e-05	1.278584e-02	1.679085e-12	1.214767e-08
17.070	3.708554e-05	1.302191e-02	1.774757e-12	1.283125e-08
17.080	3.907304e-05	1.326408e-02	1.875854e-12	1.355296e-08
17.090	4.116494e-05	1.351255e-02	1.982683e-12	1.431491e-08
17.100	4.336659e-05	1.380919e-02	2.095566e-12	1.511931e-08
17.110	4.568360e-05	1.406539e-02	2.214844e-12	1.596852e-08
17.120	4.812187e-05	1.432818e-02	2.340877e-12	1.686498e-08
17.130	5.068758e-05	1.459777e-02	2.474043e-12	1.781131e-08
17.140	5.338723e-05	1.496700e-02	2.614746e-12	1.881024e-08
17.150	5.622763e-05	1.523792e-02	2.763407e-12	1.986466e-08
17.160	5.921592e-05	1.551554e-02	2.920473e-12	2.097761e-08
17.170	6.235960e-05	1.583233e-02	3.086417e-12	2.215232e-08
17.180	6.566654e-05	1.611990e-02	3.261737e-12	2.339215e-08
17.190	6.914499e-05	1.641454e-02	3.446957e-12	2.470068e-08
17.200	7.280360e-05	1.671646e-02	3.642633e-12	2.608167e-08
17.210	7.665144e-05	1.711381e-02	3.849351e-12	2.753907e-08
17.220	8.069803e-05	1.741877e-02	4.067728e-12	2.907706e-08
17.230	8.495336e-05	1.773098e-02	4.298417e-12	3.070003e-08
17.240	8.942788e-05	1.808852e-02	4.542106e-12	3.241263e-08
17.250	9.413255e-05	1.841093e-02	4.799522e-12	3.421973e-08
17.260	9.907889e-05	1.874094e-02	5.071431e-12	3.612648e-08
17.270	1.042789e-04	1.916919e-02	5.358642e-12	3.813829e-08
17.280	1.097453e-04	1.950392e-02	5.662009e-12	4.026088e-08
17.290	1.154913e-04	1.984625e-02	5.982432e-12	4.250026e-08
17.300	1.215307e-04	2.022646e-02	6.320863e-12	4.486276e-08
17.310	1.278781e-04	2.058106e-02	6.678304e-12	4.735506e-08
17.320	1.345487e-04	2.094368e-02	7.055812e-12	4.998418e-08
17.330	1.415584e-04	2.131456e-02	7.454504e-12	5.275752e-08
17.340	1.489239e-04	2.177279e-02	7.875557e-12	5.568289e-08
17.350	1.566628e-04	2.214989e-02	8.320214e-12	5.876848e-08
17.360	1.647934e-04	2.253529e-02	8.789784e-12	6.202293e-08
17.370	1.733348e-04	2.296175e-02	9.285650e-12	6.545536e-08
17.380	1.823071e-04	2.335994e-02	9.809270e-12	6.907533e-08
17.390	1.917314e-04	2.376684e-02	1.036218e-11	7.289293e-08
17.400	2.016296e-04	2.425843e-02	1.094600e-11	7.691879e-08
17.410	2.120248e-04	2.467311e-02	1.156245e-11	8.116408e-08
17.420	2.229411e-04	2.509657e-02	1.221333e-11	8.564056e-08
17.430	2.344037e-04	2.555353e-02	1.290053e-11	9.036062e-08
17.440	2.464390e-04	2.599187e-02	1.362607e-11	9.533729e-08
17.450	2.590747e-04	2.643948e-02	1.439205e-11	1.005843e-07
17.460	2.723395e-04	2.696735e-02	1.520072e-11	1.061161e-07
17.470	2.862638e-04	2.742436e-02	1.605442e-11	1.119478e-07
17.480	3.008791e-04	2.792319e-02	1.695563e-11	1.180954e-07
17.490	3.162184e-04	2.839536e-02	1.790696e-11	1.245758e-07
17.500	3.323163e-04	2.887712e-02	1.891118e-11	1.314067e-07
17.510	3.492090e-04	2.944212e-02	1.997118e-11	1.386066e-07
17.520	3.670630e-04	2.993488e-02	2.109002e-11	1.461951e-07
17.530	3.856438e-04	3.043739e-02	2.227094e-11	1.541928e-07
17.540	4.055442e-04	3.097314e-02	2.351733e-11	1.626214e-07
17.550	4.259435e-04	3.149292e-02	2.483278e-11	1.715037e-07
17.560	4.473401e-04	3.202296e-02	2.622107e-11	1.808636e-07
17.570	4.725001e-04	3.262944e-02	2.768618e-11	1.907263e-07
17.580	4.956581e-04	3.317206e-02	2.923230e-11	2.011183e-07
17.590	5.219711e-04	3.372513e-02	3.086387e-11	2.120675e-07
17.600	5.471579e-04	3.431488e-02	3.258553e-11	2.236031e-07
17.610	5.808057e-04	3.488595e-02	3.440220e-11	2.357559e-07
17.620	6.075638e-04	3.553385e-02	3.631905e-11	2.485582e-07
17.630	6.389074e-04	3.611904e-02	3.834153e-11	2.620442e-07
17.640	6.678753e-04	3.671516e-02	4.047537e-11	2.762495e-07
17.650	6.982144e-04	3.734296e-02	4.272663e-11	2.912117e-07
17.660	7.413132e-04	3.795894e-02	4.510168e-11	3.069703e-07
17.670	7.730258e-04	3.858636e-02	4.760722e-11	3.235668e-07
17.680	8.121048e-04	3.928283e-02	5.025032e-11	3.410448e-07
17.690	8.460645e-04	3.992600e-02	5.303843e-11	3.594501e-07
17.700	8.984328e-04	4.060633e-02	5.597937e-11	3.788308e-07
17.710	9.334888e-04	4.126999e-02	5.908142e-11	3.992375e-07
17.720	9.766918e-04	4.194559e-02	6.235324e-11	4.207232e-07
17.730	1.014211e-03	4.268932e-02	6.580401e-11	4.433438e-07
17.740	1.053418e-03	4.338221e-02	6.944335e-11	4.671578e-07
17.750	1.114313e-03	4.410677e-02	7.328140e-11	4.922267e-07
17.760	1.154390e-03	4.482202e-02	7.732886e-11	5.186152e-07
17.770	1.205739e-03	4.554978e-02	8.159695e-11	5.463911e-07
17.780	1.248178e-03	4.634419e-02	8.609751e-11	5.756255e-07
17.790	1.317540e-03	4.709085e-02	9.084300e-11	6.063933e-07
17.800	1.360625e-03	4.785031e-02	9.584653e-11	6.387729e-07
17.810	1.414730e-03	4.864352e-02	1.011219e-10	6.728467e-07
17.820	1.460458e-03	4.942638e-02	1.066836e-10	7.087012e-07
17.830	1.508116e-03	5.027396e-02	1.125470e-10	7.464271e-07
17.840	1.584325e-03	5.107726e-02	1.187280e-10	7.861196e-07
17.850	1.632462e-03	5.189392e-02	1.252437e-10	8.278787e-07
17.860	1.694625e-03	5.273983e-02	1.321119e-10	8.718092e-07
17.870	1.745229e-03	5.358175e-02	1.393511e-10	9.180211e-07
17.880	1.828711e-03	5.448620e-02	1.469813e-10	9.666297e-07
17.890	1.879675e-03	5.535013e-02	1.550230e-10	1.017756e-06
17.900	1.943584e-03	5.622804e-02	1.634980e-10	1.071527e-06
17.910	1.997347e-03	5.713885e-02	1.724294e-10	1.128076e-06
17.920	2.053214e-03	5.804284e-02	1.818411e-10	1.187543e-06
17.930	2.141991e-03	5.900695e-02	1.917586e-10	1.250073e-06
17.940	2.198142e-03	5.993444e-02	2.022085e-10	1.315820e-06
17.950	2.270118e-03	6.087651e-02	2.132188e-10	1.384946e-06
17.960	2.328839e-03	6.184716e-02	2.248190e-10	1.457619e-06
17.970	2.423800e-03	6.281711e-02	2.370401e-10	1.534015e-06
17.980	2.482794e-03	6.384469e-02	2.499146e-10	1.614321e-06
17.990	2.555766e-03	6.483967e-02	2.634768e-10	1.698730e-06
18.000	2.617719e-03	6.586808e-02	2.777627e-10	1.787445e-06
18.010	2.681903e-03	6.689152e-02	2.928101e-10	1.880680e-06
18.020	2.781090e-03	6.793043e-02	3.086587e-10	1.978659e-06
18.030	2.845564e-03	6.902440e-02	3.253504e-10	2.081615e-06
18.040	2.926528e-03	7.008977e-02	3.429290e-10	2.189794e-06
18.050	2.993739e-03	7.118431e-02	3.614406e-10	2.303452e-06
18.060	3.098390e-03	7.227980e-02	3.809337e-10	2.422857e-06
18.070	3.165980e-03	7.339136e-02	4.014592e-10	2.548293e-06
18.080	3.247871e-03	7.455544e-02	4.230705e-10	2.681279e-06
18.090	3.318610e-03	7.569487e-02	4.458239e-10	2.819509e-06
18.100	3.391684e-03	7.686627e-02	4.697784e-10	2.966798e-06
18.110	3.500079e-03	7.803667e-02	4.949958e-10	3.118999e-06
18.120	3.573633e-03	7.922367e-02	5.215412e-10	3.278823e-06
18.130	3.663810e-03	8.046064e-02	5.494831e-10	3.456717e-06
18.140	3.740304e-03	8.167682e-02	5.788931e-10	3.631521e-06
18.150	3.853828e-03	8.292115e-02	6.098465e-10	3.821093e-06
18.160	3.930971e-03	8.416981e-02	6.424224e-10	4.012940e-06
18.170	4.022233e-03	8.546988e-02	6.767039e-10	4.243067e-06
18.180	4.102761e-03	8.674888e-02	7.127779e-10	4.450949e-06
18.190	4.185723e-03	8.804511e-02	7.507360e-10	4.669072e-06
18.200	4.303067e-03	8.937161e-02	7.906757e-10	4.913477e-06
18.210	4.386857e-03	9.070104e-02	8.326943e-10	5.151489e-06
18.220	4.486720e-03	9.207922e-02	8.769027e-10	5.452284e-06
18.230	4.573740e-03	9.344010e-02	9.234046e-10	5.707755e-06
18.240	4.696297e-03	9.482914e-02	9.723497e-10	5.998116e-06
18.250	4.784380e-03	9.622427e-02	1.023797e-09	6.276352e-06
18.260	4.886074e-03	9.763729e-02	1.077936e-09	6.568042e-06
18.270	4.977840e-03	9.909650e-02	1.134841e-09	6.950290e-06
18.280	5.072153e-03	1.005420e-01	1.194684e-09	7.260739e-06
18.290	5.199102e-03	1.020176e-01	1.257799e-09	7.626382e-06
18.300	5.294721e-03	1.034978e-01	1.323943e-09	7.962240e-06
18.310	5.405753e-03	1.050250e-01	1.393659e-09	8.430789e-06
18.320	5.504947e-03	1.065385e-01	1.466753e-09	8.785765e-06
18.330	5.637528e-03	1.080703e-01	1.544393e-09	9.157440e-06
18.340	5.738319e-03	1.096291e-01	1.625072e-09	9.588099e-06
18.350	5.852035e-03	1.111966e-01	1.710359e-09	9.990107e-06
18.360	5.956875e-03	1.128085e-01	1.799436e-09	1.055881e-05
18.370	6.064398e-03	1.144100e-01	1.893055e-09	1.098111e-05
18.380	6.202366e-03	1.160409e-01	1.993624e-09	1.149556e-05
18.390	6.311788e-03	1.176783e-01	2.096717e-09	1.194936e-05
18.400	6.435646e-03	1.193343e-01	2.206525e-09	1.242401e-05
18.410	6.549089e-03	1.210322e-01	2.320147e-09	1.309873e-05
18.420	6.693445e-03	1.227226e-01	2.444994e-09	1.359467e-05
18.430	6.809123e-03	1.244395e-01	2.569721e-09	1.418152e-05
18.440	6.936976e-03	1.261664e-01	2.703452e-09	1.471500e-05
18.450	7.057152e-03	1.279353e-01	2.840739e-09	1.550665e-05
18.460	7.180184e-03	1.296969e-01	2.984921e-09	1.606206e-05
18.470	7.331286e-03	1.314773e-01	3.146747e-09	1.664215e-05
18.480	7.456911e-03	1.332851e-01	3.304351e-09	1.734741e-05
18.490	7.596116e-03	1.351017e-01	3.475996e-09	1.796718e-05
18.500	7.726276e-03	1.369578e-01	3.648932e-09	1.887995e-05
18.510	7.884786e-03	1.388092e-01	3.850460e-09	1.952273e-05
18.520	8.017913e-03	1.406862e-01	4.038581e-09	2.029265e-05
18.530	8.162478e-03	1.425740e-01	4.244912e-09	2.098096e-05
18.540	8.300640e-03	1.444803e-01	4.451063e-09	2.169911e-05
18.550	8.441873e-03	1.464237e-01	4.667381e-09	2.274236e-05
18.560	8.608803e-03	1.483647e-01	4.925368e-09	2.348504e-05
18.570	8.753415e-03	1.503318e-01	5.159367e-09	2.439656e-05
18.580	8.910652e-03	1.523085e-01	5.421605e-09	2.518675e-05
18.590	9.060420e-03	1.543221e-01	5.676922e-09	2.637213e-05
18.600	9.236049e-03	1.563331e-01	5.995447e-09	2.718765e-05
18.610	9.389609e-03	1.583621e-01	6.270075e-09	2.803719e-05
18.620	9.553936e-03	1.604147e-01	6.579123e-09	2.903976e-05
18.630	9.713162e-03	1.624790e-01	6.878506e-09	2.994590e-05
18.640	9.875726e-03	1.645776e-01	7.192323e-09	3.127802e-05
18.650	1.006173e-02	1.666754e-01	7.590585e-09	3.221141e-05
18.660	1.022855e-02	1.687977e-01	7.926128e-09	3.336257e-05
18.670	1.040726e-02	1.709297e-01	8.313457e-09	3.435207e-05
18.680	1.057994e-02	1.730791e-01	8.677278e-09	3.538181e-05
18.690	1.077616e-02	1.752602e-01	9.160578e-09	3.686371e-05
18.700	1.095353e-02	1.774420e-01	9.547422e-09	3.792233e-05
18.710	1.113446e-02	1.796455e-01	9.952491e-09	3.917271e-05
18.720	1.132488e-02	1.818603e-01	1.041256e-08	4.029821e-05
18.730	1.151231e-02	1.841062e-01	1.085167e-08	4.195628e-05
18.740	1.172113e-02	1.863523e-01	1.143933e-08	4.311274e-05
18.750	1.191378e-02	1.886207e-01	1.190363e-08	4.453606e-05
18.760	1.211759e-02	1.908984e-01	1.245257e-08	4.575864e-05
18.770	1.231691e-02	1.931919e-01	1.295298e-08	4.702879e-05
18.780	1.253768e-02	1.955139e-01	1.365177e-08	4.885468e-05
18.790	1.274270e-02	1.978369e-01	1.417827e-08	5.015791e-05
18.800	1.295162e-02	2.001794e-01	1.472881e-08	5.169359e-05
18.810	1.316970e-02	2.025321e-01	1.536416e-08	5.307527e-05
18.820	1.338597e-02	2.049123e-01	1.595785e-08	5.510037e-05
18.830	1.362182e-02	2.072928e-01	1.678484e-08	5.651795e-05
18.840	1.384435e-02	2.096876e-01	1.740649e-08	5.798851e-05
18.850	1.407755e-02	2.121012e-01	1.815566e-08	5.975127e-05
18.860	1.430766e-02	2.145232e-01	1.882184e-08	6.130158e-05
18.870	1.455740e-02	2.169698e-01	1.978562e-08	6.351491e-05
18.880	1.479428e-02	2.194171e-01	2.048036e-08	6.510384e-05
18.890	1.503549e-02	2.218810e-01	2.120569e-08	6.696754e-05
18.900	1.528562e-02	2.243534e-01	2.205206e-08	6.864792e-05
18.910	1.553510e-02	2.268492e-01	2.283046e-08	7.108587e-05
18.920	1.580261e-02	2.293447e-01	2.394417e-08	7.280853e-05
18.930	1.605949e-02	2.318518e-01	2.475279e-08	7.459270e-05
18.940	1.632660e-02	2.343744e-01	2.573782e-08	7.671730e-05
18.950	1.659205e-02	2.369034e-01	2.660015e-08	7.859450e-05
18.960	1.687559e-02	2.394528e-01	2.787510e-08	8.124490e-05
18.970	1.714897e-02	2.420017e-01	2.876813e-08	8.316786e-05
18.980	1.742715e-02	2.445637e-01	2.969895e-08	8.540942e-05
18.990	1.771413e-02	2.471317e-01	3.079189e-08	8.743854e-05
19.000	1.800161e-02	2.497186e-01	3.178646e-08	9.034205e-05
19.010	1.830582e-02	2.523036e-01	3.323073e-08	9.242156e-05
19.020	1.860188e-02	2.548971e-01	3.425762e-08	9.457202e-05
19.030	1.890796e-02	2.575022e-01	3.551685e-08	9.711648e-05
19.040	1.921369e-02	2.601110e-01	3.660706e-08	9.937461e-05
19.050	1.953621e-02	2.627354e-01	3.823512e-08	1.025185e-04
19.060	1.985108e-02	2.653573e-01	3.935824e-08	1.048314e-04
19.070	2.017127e-02	2.679883e-01	4.052686e-08	1.075080e-04
19.080	2.050024e-02	2.706222e-01	4.190174e-08	1.099437e-04
19.090	2.083083e-02	2.732616e-01	4.314554e-08	1.124606e-04
19.100	2.117708e-02	2.759134e-01	4.496046e-08	1.158688e-04
19.110	2.151751e-02	2.785616e-01	4.623896e-08	1.184463e-04
19.120	2.186778e-02	2.812170e-01	4.780596e-08	1.214686e-04
19.130	2.221902e-02	2.838727e-01	4.915844e-08	1.241710e-04
19.140	2.258600e-02	2.865388e-01	5.117871e-08	1.278739e-04
19.150	2.294765e-02	2.891996e-01	5.256688e-08	1.306421e-04
19.160	2.331517e-02	2.918650e-01	5.400876e-08	1.338209e-04
19.170	2.369155e-02	2.945295e-01	5.570242e-08	1.367308e-04
19.180	2.407063e-02	2.971953e-01	5.723177e-08	1.397336e-04
19.190	2.446452e-02	2.998681e-01	5.945576e-08	1.437379e-04
19.200	2.485472e-02	3.025341e-01	6.102305e-08	1.468137e-04
19.210	2.525476e-02	3.052025e-01	6.293882e-08	1.503914e-04
19.220	2.565696e-02	3.078671e-01	6.459129e-08	1.536111e-04
19.230	2.607407e-02	3.105366e-01	6.704129e-08	1.579479e-04
19.240	2.648797e-02	3.131973e-01	6.873328e-08	1.612470e-04
19.250	2.690830e-02	3.158576e-01	7.048762e-08	1.650047e-04
19.260	2.733765e-02	3.185127e-01	7.253921e-08	1.684668e-04
19.270	2.777073e-02	3.211644e-01	7.439430e-08	1.720347e-04
19.280	2.821795e-02	3.238174e-01	7.706550e-08	1.767162e-04
19.290	2.866343e-02	3.264598e-01	7.896304e-08	1.803720e-04
19.300	2.911879e-02	3.290993e-01	8.126421e-08	1.845830e-04
19.310	2.957747e-02	3.317306e-01	8.325973e-08	1.884052e-04
19.320	3.005041e-02	3.343609e-01	8.617856e-08	1.934630e-04
19.330	3.052207e-02	3.369784e-01	8.821901e-08	1.973808e-04
19.340	3.100072e-02	3.395903e-01	9.033095e-08	2.018070e-04
19.350	3.148859e-02	3.421922e-01	9.278456e-08	2.059121e-04
19.360	3.198116e-02	3.447856e-01	9.501177e-08	2.101374e-04
19.370	3.248735e-02	3.473744e-01	9.817154e-08	2.155903e-04
19.380	3.299357e-02	3.499483e-01	1.004475e-07	2.199213e-04
19.390	3.350978e-02	3.525139e-01	1.031847e-07	2.248687e-04
19.400	3.403034e-02	3.550664e-01	1.055723e-07	2.293908e-04
19.410	3.456465e-02	3.576119e-01	1.090024e-07	2.352691e-04
19.420	3.509940e-02	3.601403e-01	1.114424e-07	2.399063e-04
19.430	3.564167e-02	3.626561e-01	1.139636e-07	2.446735e-04
19.440	3.619339e-02	3.651599e-01	1.168690e-07	2.499551e-04
19.450	3.675068e-02	3.676484e-01	1.195214e-07	2.549430e-04
19.460	3.732119e-02	3.701263e-01	1.232158e-07	2.612746e-04
19.470	3.789327e-02	3.725848e-01	1.259254e-07	2.663896e-04
19.480	3.847546e-02	3.750294e-01	1.291458e-07	2.721770e-04
19.490	3.906294e-02	3.774559e-01	1.319832e-07	2.775118e-04
19.500	3.966374e-02	3.798694e-01	1.359738e-07	2.843253e-04
19.510	4.026650e-02	3.822613e-01	1.388733e-07	2.897981e-04
19.520	4.087725e-02	3.846352e-01	1.418644e-07	2.954180e-04
19.530	4.149765e-02	3.869916e-01	1.452803e-07	3.016023e-04
19.540	4.212438e-02	3.893276e-01	1.484204e-07	3.074744e-04
19.550	4.276396e-02	3.916473e-01	1.527036e-07	3.148085e-04
19.560	4.340646e-02	3.939429e-01	1.559121e-07	3.208325e-04
19.570	4.405916e-02	3.962189e-01	1.596833e-07	3.275944e-04
19.580	4.471794e-02	3.984720e-01	1.630369e-07	3.338700e-04
19.590	4.538964e-02	4.007063e-01	1.676456e-07	3.417490e-04
19.600	4.606456e-02	4.029143e-01	1.710738e-07	3.481892e-04
19.610	4.674787e-02	4.050992e-01	1.746049e-07	3.547956e-04
19.620	4.744094e-02	4.072613e-01	1.785992e-07	3.620182e-04
19.630	4.814095e-02	4.093981e-01	1.822991e-07	3.689122e-04
19.640	4.885346e-02	4.115128e-01	1.872348e-07	3.773883e-04
19.650	4.956997e-02	4.135990e-01	1.910172e-07	3.844629e-04
19.660	5.029669e-02	4.156604e-01	1.954050e-07	3.923351e-04
19.670	5.103011e-02	4.176940e-01	1.993529e-07	3.996979e-04
19.680	5.177602e-02	4.197035e-01	2.046488e-07	4.087911e-04
19.690	5.252618e-02	4.216823e-01	2.086870e-07	4.163491e-04
19.700	5.328494e-02	4.236330e-01	2.128403e-07	4.240946e-04
19.710	5.405348e-02	4.255561e-01	2.174934e-07	4.325103e-04
19.720	5.482938e-02	4.274491e-01	2.218378e-07	4.405830e-04
19.730	5.561734e-02	4.293150e-01	2.275026e-07	4.503605e-04
19.740	5.641014e-02	4.311481e-01	2.319471e-07	4.586468e-04
19.750	5.721302e-02	4.329517e-01	2.370433e-07	4.678010e-04
19.760	5.802298e-02	4.347232e-01	2.416757e-07	4.764154e-04
19.770	5.884493e-02	4.364654e-01	2.477402e-07	4.868896e-04
19.780	5.967183e-02	4.381732e-01	2.524819e-07	4.957343e-04
19.790	6.050738e-02	4.398485e-01	2.573522e-07	5.047898e-04
19.800	6.135254e-02	4.414916e-01	2.627568e-07	5.145718e-04
19.810	6.220524e-02	4.431006e-01	2.678432e-07	5.239984e-04
19.820	6.306944e-02	4.446780e-01	2.743268e-07	5.352550e-04
19.830	6.393899e-02	4.462189e-01	2.795342e-07	5.449327e-04
19.840	6.481830e-02	4.477261e-01	2.854303e-07	5.555421e-04
19.850	6.570482e-02	4.491973e-01	2.908518e-07	5.655934e-04
19.860	6.660267e-02	4.506352e-01	2.977820e-07	5.776363e-04
19.870	6.750585e-02	4.520351e-01	3.033358e-07	5.879576e-04
19.880	6.841747e-02	4.533990e-01	3.090329e-07	5.985152e-04
19.890	6.933831e-02	4.547268e-01	3.152977e-07	6.098582e-04
19.900	7.026658e-02	4.560173e-01	3.212393e-07	6.208355e-04
19.910	7.120560e-02	4.572722e-01	3.286479e-07	6.337706e-04
19.920	7.215013e-02	4.584877e-01	3.347354e-07	6.450413e-04
19.930	7.310388e-02	4.596660e-01	3.415537e-07	6.573191e-04
19.940	7.406462e-02	4.608055e-01	3.478840e-07	6.690124e-04
19.950	7.503582e-02	4.619081e-01	3.557926e-07	6.828317e-04
19.960	7.601237e-02	4.629701e-01	3.622819e-07	6.948392e-04
19.970	7.699683e-02	4.639931e-01	3.689309e-07	7.071109e-04
19.980	7.798985e-02	4.649773e-01	3.761801e-07	7.202291e-04
19.990	7.898985e-02	4.659214e-01	3.831053e-07	7.329738e-04
20.000	7.999962e-02	4.668272e-01	3.915614e-07	7.478064e-04
20.010	8.101465e-02	4.676913e-01	3.986615e-07	7.608911e-04
20.020	8.203804e-02	4.685157e-01	4.065253e-07	7.750510e-04
20.030	8.306787e-02	4.692991e-01	4.139015e-07	7.886131e-04
20.040	8.410500e-02	4.700432e-01	4.214551e-07	8.044382e-04
20.050	8.515111e-02	4.707449e-01	4.304857e-07	8.183635e-04
20.060	8.620226e-02	4.714056e-01	4.382297e-07	8.325833e-04
20.070	8.726096e-02	4.720255e-01	4.466058e-07	8.477130e-04
20.080	8.832583e-02	4.726037e-01	4.546613e-07	8.624636e-04
20.090	8.939917e-02	4.731416e-01	4.643069e-07	8.794348e-04
20.100	9.047711e-02	4.736366e-01	4.725706e-07	8.945768e-04
20.110	9.156221e-02	4.740904e-01	4.816382e-07	9.108749e-04
20.120	9.265279e-02	4.745018e-01	4.902143e-07	9.265523e-04
20.130	9.374952e-02	4.748726e-01	4.989873e-07	9.446321e-04
20.140	9.485376e-02	4.752001e-01	5.092926e-07	9.607260e-04
20.150	9.596212e-02	4.754855e-01	5.182917e-07	9.771467e-04
20.160	9.707666e-02	4.757293e-01	5.279548e-07	9.945431e-04
20.170	9.819614e-02	4.759306e-01	5.373046e-07	1.011557e-03
20.180	9.932244e-02	4.760907e-01	5.482997e-07	1.030926e-03
20.190	1.004522e-01	4.762076e-01	5.578956e-07	1.048387e-03
20.200	1.015876e-01	4.762828e-01	5.683264e-07	1.067075e-03
20.210	1.027271e-01	4.763153e-01	5.782759e-07	1.085135e-03
20.220	1.038712e-01	4.763058e-01	5.884437e-07	1.103553e-03
20.230	1.050209e-01	4.762551e-01	6.001956e-07	1.124271e-03
20.240	1.061734e-01	4.761614e-01	6.106297e-07	1.143166e-03
20.250	1.073304e-01	4.760260e-01	6.217596e-07	1.163104e-03
20.260	1.084906e-01	4.758484e-01	6.325877e-07	1.182657e-03
20.270	1.096556e-01	4.756298e-01	6.451129e-07	1.204703e-03
20.280	1.108225e-01	4.753686e-01	6.562293e-07	1.224763e-03
20.290	1.119931e-01	4.750662e-01	6.682197e-07	1.246136e-03
20.300	1.131660e-01	4.747219e-01	6.797339e-07	1.266860e-03
20.310	1.143415e-01	4.743363e-01	6.914897e-07	1.287979e-03
20.320	1.155204e-01	4.739102e-01	7.048789e-07	1.311531e-03
20.330	1.167003e-01	4.734423e-01	7.169455e-07	1.333186e-03
20.340	1.178825e-01	4.729337e-01	7.297403e-07	1.355955e-03
20.350	1.190658e-01	4.723842e-01	7.422480e-07	1.378339e-03
20.360	1.202516e-01	4.717948e-01	7.565023e-07	1.403354e-03
20.370	1.214374e-01	4.711644e-01	7.693447e-07	1.426306e-03
20.380	1.226244e-01	4.704942e-01	7.830920e-07	1.450647e-03
20.390	1.238114e-01	4.697838e-01	7.963813e-07	1.474333e-03
20.400	1.249987e-01	4.690338e-01	8.099375e-07	1.498452e-03
20.410	1.261870e-01	4.682450e-01	8.251745e-07	1.525136e-03
20.420	1.273739e-01	4.674164e-01	8.390900e-07	1.549855e-03
20.430	1.285605e-01	4.665491e-01	8.537668e-07	1.575757e-03
20.440	1.297459e-01	4.656430e-01	8.681744e-07	1.601274e-03
20.450	1.309311e-01	4.646992e-01	8.843762e-07	1.629564e-03
20.460	1.321137e-01	4.637167e-01	8.991689e-07	1.655714e-03
20.470	1.332949e-01	4.626968e-01	9.149062e-07	1.683341e-03
20.480	1.344735e-01	4.616392e-01	9.301975e-07	1.710295e-03
20.490	1.356498e-01	4.605445e-01	9.457826e-07	1.737719e-03
20.500	1.368240e-01	4.594136e-01	9.630943e-07	1.767845e-03
20.510	1.379944e-01	4.582457e-01	9.790910e-07	1.795933e-03
20.520	1.391616e-01	4.570419e-01	9.958823e-07	1.825276e-03
20.530	1.403247e-01	4.558023e-01	1.012425e-06	1.854236e-03
20.540	1.414846e-01	4.545279e-01	1.030808e-06	1.886108e-03
20.550	1.426392e-01	4.532179e-01	1.047790e-06	1.915765e-03
20.560	1.437894e-01	4.518736e-01	1.065747e-06	1.946974e-03
20.570	1.449342e-01	4.504949e-01	1.083283e-06	1.977506e-03
20.580	1.460736e-01	4.490824e-01	1.101141e-06	2.008546e-03
20.590	1.472079e-01	4.476370e-01	1.120770e-06	2.042423e-03
20.600	1.483353e-01	4.461581e-01	1.139095e-06	2.074192e-03
20.610	1.494565e-01	4.446469e-01	1.158249e-06	2.107286e-03
20.620	1.505706e-01	4.431033e-01	1.177176e-06	2.139997e-03
20.630	1.516783e-01	4.415286e-01	1.197989e-06	2.175762e-03
20.640	1.527777e-01	4.399221e-01	1.217412e-06	2.209233e-03
20.650	1.538695e-01	4.382850e-01	1.237850e-06	2.244346e-03
20.660	1.549528e-01	4.366174e-01	1.257884e-06	2.278763e-03
20.670	1.560276e-01	4.349199e-01	1.278269e-06	2.313724e-03
20.680	1.570939e-01	4.331934e-01	1.300469e-06	2.351656e-03
20.690	1.581504e-01	4.314375e-01	1.321378e-06	2.387407e-03
20.700	1.591974e-01	4.296533e-01	1.343150e-06	2.424554e-03
20.710	1.602342e-01	4.278409e-01	1.364720e-06	2.461317e-03
20.720	1.612611e-01	4.260014e-01	1.388218e-06	2.501274e-03
20.730	1.622768e-01	4.241345e-01	1.410342e-06	2.538857e-03
20.740	1.632816e-01	4.222412e-01	1.433511e-06	2.578155e-03
20.750	1.642747e-01	4.203217e-01	1.456304e-06	2.616751e-03
20.760	1.652561e-01	4.183766e-01	1.479478e-06	2.655927e-03
20.770	1.662258e-01	4.164068e-01	1.504508e-06	2.698206e-03
20.780	1.671825e-01	4.144122e-01	1.528264e-06	2.738231e-03
20.790	1.681265e-01	4.123937e-01	1.552916e-06	2.779718e-03
20.800	1.690572e-01	4.103515e-01	1.577391e-06	2.820818e-03
20.810	1.699748e-01	4.082866e-01	1.603836e-06	2.865250e-03
20.820	1.708780e-01	4.061990e-01	1.628922e-06	2.907227e-03
20.830	1.717673e-01	4.040895e-01	1.655092e-06	2.951004e-03
20.840	1.726417e-01	4.019585e-01	1.680906e-06	2.994053e-03
20.850	1.735013e-01	3.998066e-01	1.707130e-06	3.037714e-03
20.860	1.743461e-01	3.976345e-01	1.735248e-06	3.084610e-03
20.870	1.751749e-01	3.954423e-01	1.762110e-06	3.129172e-03
20.880	1.759879e-01	3.932309e-01	1.789901e-06	3.175262e-03
20.890	1.767847e-01	3.910005e-01	1.817539e-06	3.220957e-03
20.900	1.775653e-01	3.887522e-01	1.847185e-06	3.270119e-03
20.910	1.783287e-01	3.864859e-01	1.875490e-06	3.316741e-03
20.920	1.790751e-01	3.842024e-01	1.904908e-06	3.365229e-03
20.930	1.798039e-01	3.819022e-01	1.933997e-06	3.412976e-03
20.940	1.805151e-01	3.795858e-01	1.963523e-06	3.461365e-03
20.950	1.812085e-01	3.772540e-01	1.994982e-06	3.513115e-03
20.960	1.818833e-01	3.749070e-01	2.025201e-06	3.562448e-03
20.970	1.825397e-01	3.725454e-01	2.056378e-06	3.613370e-03
20.980	1.831770e-01	3.701697e-01	2.087427e-06	3.663887e-03
20.990	1.837956e-01	3.677808e-01	2.120519e-06	3.718000e-03
21.000	1.843945e-01	3.653787e-01	2.152286e-06	3.769482e-03
21.010	1.849738e-01	3.629642e-01	2.185201e-06	3.822909e-03
21.020	1.855331e-01	3.605376e-01	2.217803e-06	3.875561e-03
21.030	1.860723e-01	3.580997e-01	2.250867e-06	3.928877e-03
21.040	1.865915e-01	3.556511e-01	2.285897e-06	3.985676e-03
21.050	1.870897e-01	3.531920e-01	2.319703e-06	4.039970e-03
21.060	1.875672e-01	3.507231e-01	2.354494e-06	4.095909e-03
21.070	1.880236e-01	3.482447e-01	2.389178e-06	4.151426e-03
21.080	1.884591e-01	3.457578e-01	2.425936e-06	4.210665e-03
21.090	1.888728e-01	3.432623e-01	2.461384e-06	4.267176e-03
21.100	1.892651e-01	3.407591e-01	2.498000e-06	4.325687e-03
21.110	1.896354e-01	3.382485e-01	2.534328e-06	4.383401e-03
21.120	1.899838e-01	3.357311e-01	2.571139e-06	4.441798e-03
21.130	1.903103e-01	3.332076e-01	2.609944e-06	4.503793e-03
21.140	1.906143e-01	3.306780e-01	2.647538e-06	4.563190e-03
21.150	1.908959e-01	3.281433e-01	2.686140e-06	4.624280e-03
21.160	1.911549e-01	3.256036e-01	2.724651e-06	4.684926e-03
21.170	1.913915e-01	3.230597e-01	2.765262e-06	4.749412e-03
21.180	1.916050e-01	3.205117e-01	2.804574e-06	4.811068e-03
21.190	1.917957e-01	3.179604e-01	2.845080e-06	4.874792e-03
21.200	1.919633e-01	3.154061e-01	2.885306e-06	4.937669e-03
21.210	1.921078e-01	3.128494e-01	2.926032e-06	5.001240e-03
21.220	1.922293e-01	3.102907e-01	2.968774e-06	5.068520e-03
21.230	1.923273e-01	3.077303e-01	3.010314e-06	5.133099e-03
21.240	1.924021e-01	3.051689e-01	3.052877e-06	5.199415e-03
21.250	1.924535e-01	3.026068e-01	3.095363e-06	5.265255e-03
21.260	1.924817e-01	3.000445e-01	3.139967e-06	5.335050e-03
21.270	1.924863e-01	2.974824e-01	3.183279e-06	5.401904e-03
21.280	1.924674e-01	2.949209e-01	3.227793e-06	5.470866e-03
21.290	1.924251e-01	2.923604e-01	3.272041e-06	5.538947e-03
21.300	1.923593e-01	2.898015e-01	3.316799e-06	5.607725e-03
21.310	1.922702e-01	2.872445e-01	3.363588e-06	5.680316e-03
21.320	1.921575e-01	2.846897e-01	3.409178e-06	5.750096e-03
21.330	1.920215e-01	2.821377e-01	3.455801e-06	5.821649e-03
21.340	1.918620e-01	2.795888e-01	3.502351e-06	5.892689e-03
21.350	1.916794e-01	2.770434e-01	3.551031e-06	5.967788e-03
21.360	1.914734e-01	2.745019e-01	3.598418e-06	6.039829e-03
21.370	1.912442e-01	2.719646e-01	3.646316e-06	6.112559e-03
21.380	1.909920e-01	2.694320e-01	3.695349e-06	6.187287e-03
21.390	1.907167e-01	2.669044e-01	3.744192e-06	6.261237e-03
21.400	1.904186e-01	2.643823e-01	3.795074e-06	6.339096e-03
21.410	1.900976e-01	2.618658e-01	3.844750e-06	6.414027e-03
21.420	1.897539e-01	2.593554e-01	3.895461e-06	6.490759e-03
21.430	1.893877e-01	2.568514e-01	3.946095e-06	6.566932e-03
21.440	1.889991e-01	2.543543e-01	3.998863e-06	6.647264e-03
21.450	1.885882e-01	2.518642e-01	4.050329e-06	6.724409e-03
21.460	1.881552e-01	2.493815e-01	4.102301e-06	6.802236e-03
21.470	1.877002e-01	2.469066e-01	4.155402e-06	6.882081e-03
21.480	1.872235e-01	2.444398e-01	4.208308e-06	6.961102e-03
21.490	1.867253e-01	2.419813e-01	4.263250e-06	7.044120e-03
21.500	1.862056e-01	2.395315e-01	4.316973e-06	7.124085e-03
21.510	1.856647e-01	2.370907e-01	4.371723e-06	7.205872e-03
21.520	1.851028e-01	2.346591e-01	4.426383e-06	7.287047e-03
21.530	1.845203e-01	2.322371e-01	4.483171e-06	7.372473e-03
21.540	1.839172e-01	2.298249e-01	4.538639e-06	7.454578e-03
21.550	1.832937e-01	2.274227e-01	4.594598e-06	7.537347e-03
21.560	1.826503e-01	2.250309e-01	4.651677e-06	7.622169e-03
21.570	1.819870e-01	2.226497e-01	4.708538e-06	7.706090e-03
21.580	1.813042e-01	2.202794e-01	4.767423e-06	7.794091e-03
21.590	1.806021e-01	2.179202e-01	4.825066e-06	7.878906e-03
21.600	1.798810e-01	2.155723e-01	4.883717e-06	7.965557e-03
21.610	1.791412e-01	2.132360e-01	4.942256e-06	8.051537e-03
21.620	1.783830e-01	2.109115e-01	5.002904e-06	8.141851e-03
21.630	1.776066e-01	2.085989e-01	5.062205e-06	8.228704e-03
21.640	1.768124e-01	2.062986e-01	5.121973e-06	8.316197e-03
21.650	1.760007e-01	2.040108e-01	5.182832e-06	8.405751e-03
21.660	1.751717e-01	2.017356e-01	5.243450e-06	8.494343e-03
21.670	1.743259e-01	1.994732e-01	5.306067e-06	8.587091e-03
21.680	1.734634e-01	1.972238e-01	5.367409e-06	8.676515e-03
21.690	1.725847e-01	1.949876e-01	5.429730e-06	8.767781e-03
21.700	1.716901e-01	1.927648e-01	5.491906e-06	8.858311e-03
21.710	1.707799e-01	1.905556e-01	5.556163e-06	8.953254e-03
21.720	1.698544e-01	1.883600e-01	5.619034e-06	9.044589e-03
21.730	1.689141e-01	1.861783e-01	5.682336e-06	9.136534e-03
21.740	1.679592e-01	1.840107e-01	5.746700e-06	9.230560e-03
21.750	1.669901e-01	1.818572e-01	5.810778e-06	9.323538e-03
21.760	1.660073e-01	1.797180e-01	5.876821e-06	9.420743e-03
21.770	1.650109e-01	1.775932e-01	5.941544e-06	9.514477e-03
21.780	1.640014e-01	1.754830e-01	6.007206e-06	9.610058e-03
21.790	1.629792e-01	1.733875e-01	6.072679e-06	9.704830e-03
21.800	1.619447e-01	1.713069e-01	6.140194e-06	9.804090e-03
21.810	1.608981e-01	1.692411e-01	6.206274e-06	9.899589e-03
21.820	1.598399e-01	1.671904e-01	6.272740e-06	9.995665e-03
21.830	1.587705e-01	1.651548e-01	6.340217e-06	1.009382e-02
21.840	1.576902e-01	1.631344e-01	6.407363e-06	1.019085e-02
21.850	1.565994e-01	1.611293e-01	6.476428e-06	1.029218e-02
21.860	1.554985e-01	1.591397e-01	6.544119e-06	1.038989e-02
21.870	1.543879e-01	1.571655e-01	6.612700e-06	1.048945e-02
21.880	1.532679e-01	1.552068e-01	6.681037e-06	1.058812e-02
21.890	1.521390e-01	1.532639e-01	6.751366e-06	1.069135e-02
21.900	1.510014e-01	1.513365e-01	6.820200e-06	1.079066e-02
21.910	1.498557e-01	1.494250e-01	6.889365e-06	1.089051e-02
21.920	1.487021e-01	1.475292e-01	6.959490e-06	1.099245e-02
21.930	1.475411e-01	1.456493e-01	7.029219e-06	1.109318e-02
21.940	1.463730e-01	1.437853e-01	7.100813e-06	1.119827e-02
21.950	1.451982e-01	1.419373e-01	7.170967e-06	1.129958e-02
21.960	1.440171e-01	1.401052e-01	7.241951e-06	1.140274e-02
21.970	1.428301e-01	1.382891e-01	7.312629e-06	1.150493e-02
21.980	1.416375e-01	1.364891e-01	7.385239e-06	1.161175e-02
21.990	1.404397e-01	1.347052e-01	7.456286e-06	1.171450e-02
22.000	1.392371e-01	1.329373e-01	7.527599e-06	1.181774e-02
22.010	1.380300e-01	1.311855e-01	7.599804e-06	1.192307e-02
22.020	1.368188e-01	1.294498e-01	7.671549e-06	1.202711e-02
22.030	1.356039e-01	1.277302e-01	7.745095e-06	1.213558e-02
22.040	1.343857e-01	1.260268e-01	7.817129e-06	1.224011e-02
22.050	1.331644e-01	1.243394e-01	7.889925e-06	1.234648e-02
22.060	1.319404e-01	1.226682e-01	7.962343e-06	1.245181e-02
22.070	1.307141e-01	1.210131e-01	8.036627e-06	1.256184e-02
22.080	1.294859e-01	1.193740e-01	8.109272e-06	1.266763e-02
22.090	1.282560e-01	1.177510e-01	8.182111e-06	1.277388e-02
22.100	1.270248e-01	1.161440e-01	8.255774e-06	1.288223e-02
22.110	1.257926e-01	1.145531e-01	8.328898e-06	1.298919e-02
22.120	1.245599e-01	1.129782e-01	8.403751e-06	1.310063e-02
22.130	1.233268e-01	1.114192e-01	8.477015e-06	1.320800e-02
22.140	1.220937e-01	1.098762e-01	8.550966e-06	1.331719e-02
22.150	1.208609e-01	1.083491e-01	8.624462e-06	1.342527e-02
22.160	1.196288e-01	1.068378e-01	8.699750e-06	1.353811e-02
22.170	1.183976e-01	1.053424e-01	8.773320e-06	1.364656e-02
22.180	1.171677e-01	1.038627e-01	8.847005e-06	1.375542e-02
22.190	1.159393e-01	1.023987e-01	8.921433e-06	1.386638e-02
22.200	1.147128e-01	1.009504e-01	8.995247e-06	1.397587e-02
22.210	1.134883e-01	9.951774e-02	9.070716e-06	1.408991e-02
22.220	1.122663e-01	9.810062e-02	9.144513e-06	1.419972e-02
22.230	1.110469e-01	9.669899e-02	9.218918e-06	1.431135e-02
22.240	1.098305e-01	9.531280e-02	9.292787e-06	1.442179e-02
22.250	1.086172e-01	9.394199e-02	9.368372e-06	1.453707e-02
22.260	1.074075e-01	9.258648e-02	9.442155e-06	1.464779e-02
22.270	1.062014e-01	9.124621e-02	9.515973e-06	1.475890e-02
22.280	1.049993e-01	8.992110e-02	9.590459e-06	1.487211e-02
22.290	1.038014e-01	8.861109e-02	9.664244e-06	1.498376e-02
22.300	1.026079e-01	8.731610e-02	9.739607e-06	1.510003e-02
22.310	1.014191e-01	8.603605e-02	9.813213e-06	1.521192e-02
22.320	1.002352e-01	8.477085e-02	9.887348e-06	1.532563e-02
22.330	9.905639e-02	8.352044e-02	9.960865e-06	1.543807e-02
22.340	9.788291e-02	8.228473e-02	1.003602e-05	1.555542e-02
22.350	9.671492e-02	8.106363e-02	1.010929e-05	1.566806e-02
22.360	9.555266e-02	7.985705e-02	1.018251e-05	1.578105e-02
22.370	9.439631e-02	7.866491e-02	1.025632e-05	1.589614e-02
22.380	9.324606e-02	7.748711e-02	1.032935e-05	1.600961e-02
22.390	9.210211e-02	7.632359e-02	1.040388e-05	1.612776e-02
22.400	9.096460e-02	7.517422e-02	1.047658e-05	1.624138e-02
22.410	8.983372e-02	7.403892e-02	1.054972e-05	1.635683e-02
22.420	8.870962e-02	7.291759e-02	1.062216e-05	1.647093e-02
22.430	8.759250e-02	7.181016e-02	1.069617e-05	1.659003e-02
22.440	8.648245e-02	7.071649e-02	1.076821e-05	1.670426e-02
22.450	8.537966e-02	6.963651e-02	1.084012e-05	1.681881e-02
22.460	8.428425e-02	6.857011e-02	1.091255e-05	1.693549e-02
22.470	8.319637e-02	6.751720e-02	1.098412e-05	1.705044e-02
22.480	8.211615e-02	6.647767e-02	1.105711e-05	1.717017e-02
22.490	8.104369e-02	6.545140e-02	1.112819e-05	1.728521e-02
22.500	7.997913e-02	6.443832e-02	1.119964e-05	1.740208e-02
22.510	7.892257e-02	6.343830e-02	1.127032e-05	1.751755e-02
22.520	7.787414e-02	6.245125e-02	1.134248e-05	1.763809e-02
22.530	7.683391e-02	6.147704e-02	1.141261e-05	1.775362e-02
22.540	7.580199e-02	6.051559e-02	1.148253e-05	1.786943e-02
22.550	7.477848e-02	5.956679e-02	1.155290e-05	1.798738e-02
22.560	7.376344e-02	5.863051e-02	1.162233e-05	1.810355e-02
22.570	7.275699e-02	5.770667e-02	1.169313e-05	1.822456e-02
22.580	7.175917e-02	5.679514e-02	1.176193e-05	1.834074e-02
22.590	7.077007e-02	5.589582e-02	1.183104e-05	1.845878e-02
22.600	6.978974e-02	5.500860e-02	1.189931e-05	1.857534e-02
22.610	6.881827e-02	5.413337e-02	1.196900e-05	1.869706e-02
22.620	6.785568e-02	5.327001e-02	1.203658e-05	1.881363e-02
22.630	6.690204e-02	5.241842e-02	1.210390e-05	1.893046e-02
22.640	6.595739e-02	5.157849e-02	1.217160e-05	1.904945e-02
22.650	6.502178e-02	5.075010e-02	1.223829e-05	1.916658e-02
22.660	6.409526e-02	4.993315e-02	1.230629e-05	1.928864e-02
22.670	6.317783e-02	4.912751e-02	1.237223e-05	1.940573e-02
22.680	6.226955e-02	4.833309e-02	1.243842e-05	1.952469e-02
22.690	6.137042e-02	4.754977e-02	1.250370e-05	1.964211e-02
22.700	6.048048e-02	4.677743e-02	1.256868e-05	1.975980e-02
22.710	5.959975e-02	4.601597e-02	1.263484e-05	1.988216e-02
22.720	5.872823e-02	4.526527e-02	1.269900e-05	1.999978e-02
22.730	5.786593e-02	4.452523e-02	1.276348e-05	2.011958e-02
22.740	5.701286e-02	4.379573e-02	1.282691e-05	2.023746e-02
22.750	5.616904e-02	4.307666e-02	1.289160e-05	2.036036e-02
22.760	5.533443e-02	4.236791e-02	1.295417e-05	2.047816e-02
22.770	5.450906e-02	4.166937e-02	1.301694e-05	2.059785e-02
22.780	5.369290e-02	4.098092e-02	1.307875e-05	2.071594e-02
22.790	5.288595e-02	4.030247e-02	1.314022e-05	2.083428e-02
22.800	5.208820e-02	3.963390e-02	1.320281e-05	2.095738e-02
22.810	5.129962e-02	3.897509e-02	1.326336e-05	2.107562e-02
22.820	5.052020e-02	3.832594e-02	1.332420e-05	2.119607e-02
22.830	4.974991e-02	3.768634e-02	1.338393e-05	2.131452e-02
22.840	4.898873e-02	3.705619e-02	1.344488e-05	2.143809e-02
22.850	4.823662e-02	3.643537e-02	1.350367e-05	2.155643e-02
22.860	4.749357e-02	3.582378e-02	1.356263e-05	2.167668e-02
22.870	4.675952e-02	3.522130e-02	1.362058e-05	2.179527e-02
22.880	4.603445e-02	3.462784e-02	1.367815e-05	2.191411e-02
22.890	4.531833e-02	3.404329e-02	1.373682e-05	2.203780e-02
22.900	4.461110e-02	3.346753e-02	1.379341e-05	2.215649e-02
22.910	4.391273e-02	3.290048e-02	1.385025e-05	2.227742e-02
22.920	4.322317e-02	3.234201e-02	1.390596e-05	2.239631e-02
22.930	4.254237e-02	3.179203e-02	1.396285e-05	2.252041e-02
22.940	4.187029e-02	3.125043e-02	1.401756e-05	2.263915e-02
22.950	4.120687e-02	3.071712e-02	1.407240e-05	2.275982e-02
22.960	4.055206e-02	3.019198e-02	1.412622e-05	2.287880e-02
22.970	3.990582e-02	2.967492e-02	1.417962e-05	2.299800e-02
22.980	3.926808e-02	2.916584e-02	1.423411e-05	2.312215e-02
22.990	3.863877e-02	2.866463e-02	1.428649e-05	2.324118e-02
23.000	3.801786e-02	2.817120e-02	1.433910e-05	2.336250e-02
