# Interaction rate with the CMB
# log10(E/eV)	1/lambda_PP [1/Mpc]	1/lambda_ICS [1/Mpc]	1/lambda_DPP [1/Mpc]	1/lambda_TPP [1/Mpc]
12.750	5.995512e-82	3.129405e+00	0.000000e+00	0.000000e+00
12.760	5.192812e-80	3.512052e+00	0.000000e+00	0.000000e+00
12.770	4.056900e-78	3.927237e+00	0.000000e+00	0.000000e+00
12.780	2.865637e-76	4.376137e+00	0.000000e+00	0.000000e+00
12.790	1.834342e-74	4.859846e+00	0.000000e+00	0.000000e+00
12.800	1.066463e-72	5.379370e+00	0.000000e+00	0.000000e+00
12.810	5.643779e-71	5.935622e+00	0.000000e+00	1.324373e-267
12.820	2.724481e-69	6.529428e+00	0.000000e+00	1.878845e-261
12.830	1.202255e-67	7.161519e+00	0.000000e+00	1.927803e-255
12.840	4.859569e-66	7.832542e+00	0.000000e+00	1.441188e-249
12.850	1.802836e-64	8.543058e+00	0.000000e+00	7.906695e-244
12.860	6.150661e-63	9.293549e+00	0.000000e+00	3.205860e-238
12.870	1.933413e-61	1.008442e+01	0.000000e+00	9.672946e-233
12.880	5.610179e-60	1.091602e+01	3.593996e-268	2.186547e-227
12.890	1.505467e-58	1.178862e+01	2.812321e-262	3.727344e-222
12.900	3.742696e-57	1.270246e+01	1.613292e-256	4.822483e-217
12.910	8.635243e-56	1.365770e+01	6.832749e-251	4.765391e-212
12.920	1.852179e-54	1.465448e+01	2.151352e-245	3.618656e-207
12.930	3.699429e-53	1.569291e+01	5.069818e-240	2.124324e-202
12.940	6.891893e-52	1.677306e+01	9.001237e-235	9.697570e-198
12.950	1.199465e-50	1.789498e+01	1.211826e-229	3.462266e-193
12.960	1.953258e-49	1.905869e+01	1.244922e-224	9.721716e-189
12.970	2.980693e-48	2.026420e+01	9.819304e-220	2.158664e-184
12.980	4.268828e-47	2.151149e+01	5.982305e-215	3.810721e-180
12.990	5.746027e-46	2.280055e+01	2.831773e-210	5.376219e-176
13.000	7.279712e-45	2.413134e+01	1.047479e-205	6.092708e-172
13.010	8.692696e-44	2.550379e+01	3.044855e-201	5.574078e-168
13.020	9.796743e-43	2.691783e+01	6.993673e-197	4.136959e-164
13.030	1.043461e-41	2.837338e+01	1.276114e-192	2.502666e-160
13.040	1.051732e-40	2.987031e+01	1.859494e-188	1.239822e-156
13.050	1.004440e-39	3.140850e+01	2.174924e-184	5.052720e-153
13.060	9.100734e-39	3.298777e+01	2.052157e-180	1.701496e-149
13.070	7.832382e-38	3.460793e+01	1.569704e-176	4.755131e-146
13.080	6.410572e-37	3.626875e+01	9.780046e-173	1.107549e-142
13.090	4.995679e-36	3.796997e+01	4.986639e-169	2.158907e-139
13.100	3.710953e-35	3.971128e+01	2.090262e-165	3.536188e-136
13.110	2.630618e-34	4.149235e+01	7.235301e-162	4.886381e-133
13.120	1.781514e-33	4.331278e+01	2.077153e-158	5.718355e-130
13.130	1.153846e-32	4.517214e+01	4.966917e-155	5.688913e-127
13.140	7.154703e-32	4.706995e+01	9.933915e-152	4.829113e-124
13.150	4.251766e-31	4.900570e+01	1.668543e-148	3.510379e-121
13.160	2.423932e-30	5.097881e+01	2.363014e-145	2.192918e-118
13.170	1.327014e-29	5.298868e+01	2.832682e-142	1.181329e-115
13.180	6.983230e-29	5.503464e+01	2.885263e-139	5.506341e-113
13.190	3.535703e-28	5.711599e+01	2.506379e-136	2.228078e-110
13.200	1.724005e-27	5.923200e+01	1.863655e-133	7.851825e-108
13.210	8.102909e-27	6.138189e+01	1.190398e-130	2.417410e-105
13.220	3.674272e-26	6.356484e+01	6.554615e-128	6.522361e-103
13.230	1.608828e-25	6.578001e+01	3.121911e-125	1.546817e-100
13.240	6.808130e-25	6.802653e+01	1.290554e-122	3.233910e-98
13.250	2.786702e-24	7.030348e+01	4.645712e-120	5.977478e-96
13.260	1.104216e-23	7.260995e+01	1.461053e-117	9.795505e-94
13.270	4.239033e-23	7.494499e+01	4.027300e-115	1.427068e-91
13.280	1.577864e-22	7.730763e+01	9.760620e-113	1.853252e-89
13.290	5.698959e-22	7.969690e+01	2.086526e-110	2.150963e-87
13.300	1.998800e-21	8.211180e+01	3.946495e-108	2.236921e-85
13.310	6.812531e-21	8.455134e+01	6.625099e-106	2.089648e-83
13.320	2.257990e-20	8.701452e+01	9.901824e-104	1.757766e-81
13.330	7.283016e-20	8.950030e+01	1.321686e-101	1.334601e-79
13.340	2.287544e-19	9.200769e+01	1.580451e-99	9.167628e-78
13.350	7.001355e-19	9.453566e+01	1.698338e-97	5.710418e-76
13.360	2.089422e-18	9.708319e+01	1.645156e-95	3.232599e-74
13.370	6.083742e-18	9.964927e+01	1.441035e-93	1.666688e-72
13.380	1.729328e-17	1.022329e+02	1.144874e-91	7.843309e-71
13.390	4.801743e-17	1.048330e+02	8.274930e-90	3.375906e-69
13.400	1.303110e-16	1.074486e+02	5.457119e-88	1.331711e-67
13.410	3.458288e-16	1.100787e+02	3.292843e-86	4.824147e-66
13.420	8.979854e-16	1.127223e+02	1.822772e-84	1.607924e-64
13.430	2.282590e-15	1.153784e+02	9.279133e-83	4.940478e-63
13.440	5.682672e-15	1.180460e+02	4.353710e-81	1.401961e-61
13.450	1.386281e-14	1.207240e+02	1.886465e-79	3.680899e-60
13.460	3.315321e-14	1.234115e+02	7.561922e-78	8.957608e-59
13.470	7.776255e-14	1.261076e+02	2.808481e-76	2.023962e-57
13.480	1.789678e-13	1.288111e+02	9.677077e-75	4.253241e-56
13.490	4.043165e-13	1.315212e+02	3.097141e-73	8.326513e-55
13.500	8.969901e-13	1.342368e+02	9.216851e-72	1.521018e-53
13.510	1.954993e-12	1.369569e+02	2.552923e-70	2.596687e-52
13.520	4.187560e-12	1.396807e+02	6.587773e-69	4.149449e-51
13.530	8.818553e-12	1.424070e+02	1.585234e-67	6.215879e-50
13.540	1.826467e-11	1.451349e+02	3.560538e-66	8.741725e-49
13.550	3.721843e-11	1.478635e+02	7.471891e-65	1.155849e-47
13.560	7.464238e-11	1.505918e+02	1.466488e-63	1.438888e-46
13.570	1.473805e-10	1.533188e+02	2.694737e-62	1.688785e-45
13.580	2.865923e-10	1.560435e+02	4.641066e-61	1.871236e-44
13.590	5.490319e-10	1.587649e+02	7.500162e-60	1.960029e-43
13.600	1.036515e-09	1.614822e+02	1.138615e-58	1.943281e-42
13.610	1.928998e-09	1.641943e+02	1.625732e-57	1.825979e-41
13.620	3.539943e-09	1.669002e+02	2.185788e-56	1.628089e-40
13.630	6.407625e-09	1.695991e+02	2.770653e-55	1.379132e-39
13.640	1.144351e-08	1.722898e+02	3.315155e-54	1.111197e-38
13.650	2.017000e-08	1.749716e+02	3.748941e-53	8.525782e-38
13.660	3.509598e-08	1.776434e+02	4.011744e-52	6.236265e-37
13.670	6.030202e-08	1.803043e+02	4.067380e-51	4.353523e-36
13.680	1.023400e-07	1.829533e+02	3.911916e-50	2.903697e-35
13.690	1.715981e-07	1.855894e+02	3.573486e-49	1.852311e-34
13.700	2.843441e-07	1.882118e+02	3.104238e-48	1.131296e-33
13.710	4.657479e-07	1.908196e+02	2.567484e-47	6.621813e-33
13.720	7.542936e-07	1.934116e+02	2.024308e-46	3.718299e-32
13.730	1.208144e-06	1.959872e+02	1.523296e-45	2.004923e-31
13.740	1.914210e-06	1.985452e+02	1.095341e-44	1.039076e-30
13.750	3.000926e-06	2.010848e+02	7.535054e-44	5.180778e-30
13.760	4.656034e-06	2.036052e+02	4.964824e-43	2.487329e-29
13.770	7.151061e-06	2.061053e+02	3.136933e-42	1.150923e-28
13.780	1.087464e-05	2.085843e+02	1.902775e-41	5.137012e-28
13.790	1.637736e-05	2.110414e+02	1.109276e-40	2.213575e-27
13.800	2.443153e-05	2.134755e+02	6.222183e-40	9.216317e-27
13.810	3.610990e-05	2.158860e+02	3.361769e-39	3.710675e-26
13.820	5.288837e-05	2.182718e+02	1.751358e-38	1.445859e-25
13.830	7.677855e-05	2.206322e+02	8.806649e-38	5.456499e-25
13.840	1.104972e-04	2.229663e+02	4.278668e-37	1.995944e-24
13.850	1.576809e-04	2.252733e+02	2.010417e-36	7.081935e-24
13.860	2.231542e-04	2.275524e+02	9.144167e-36	2.439169e-23
13.870	3.132639e-04	2.298027e+02	4.029631e-35	8.160709e-23
13.880	4.362889e-04	2.320235e+02	1.721924e-34	2.654076e-22
13.890	6.029399e-04	2.342141e+02	7.140603e-34	8.396433e-22
13.900	8.269622e-04	2.363735e+02	2.875769e-33	2.585607e-21
13.910	1.125858e-03	2.385012e+02	1.125585e-32	7.755331e-21
13.920	1.521739e-03	2.405963e+02	4.284462e-32	2.267178e-20
13.930	2.042334e-03	2.426581e+02	1.587011e-31	6.463827e-20
13.940	2.722156e-03	2.446860e+02	5.723806e-31	1.798365e-19
13.950	3.603852e-03	2.466792e+02	2.011191e-30	4.885497e-19
13.960	4.739747e-03	2.486370e+02	6.888335e-30	1.296689e-18
13.970	6.193595e-03	2.505589e+02	2.300841e-29	3.364384e-18
13.980	8.042546e-03	2.524441e+02	7.498601e-29	8.538067e-18
13.990	1.037934e-02	2.542921e+02	2.385599e-28	2.120473e-17
14.000	1.331472e-02	2.561023e+02	7.411988e-28	5.156499e-17
14.010	1.698010e-02	2.578740e+02	2.250008e-27	1.228428e-16
14.020	2.153042e-02	2.596067e+02	6.676269e-27	2.868370e-16
14.030	2.714722e-02	2.612999e+02	1.937180e-26	6.567861e-16
14.040	3.404197e-02	2.629530e+02	5.498903e-26	1.475446e-15
14.050	4.245948e-02	2.645656e+02	1.527687e-25	3.253378e-15
14.060	5.268153e-02	2.661371e+02	4.155527e-25	7.044571e-15
14.070	6.503059e-02	2.676671e+02	1.107213e-24	1.498561e-14
14.080	7.987361e-02	2.691551e+02	2.890867e-24	3.133142e-14
14.090	9.762581e-02	2.706007e+02	7.399375e-24	6.440994e-14
14.100	1.187545e-01	2.720035e+02	1.857414e-23	1.302474e-13
14.110	1.437828e-01	2.733632e+02	4.574508e-23	2.591794e-13
14.120	1.732932e-01	2.746794e+02	1.105798e-22	5.077078e-13
14.130	2.079307e-01	2.759517e+02	2.624674e-22	9.794261e-13
14.140	2.484063e-01	2.771798e+02	6.119457e-22	1.861368e-12
14.150	2.954992e-01	2.783635e+02	1.402028e-21	3.486176e-12
14.160	3.500595e-01	2.795024e+02	3.157712e-21	6.436844e-12
14.170	4.130100e-01	2.805964e+02	6.993973e-21	1.172058e-11
14.180	4.853471e-01	2.816452e+02	1.523953e-20	2.105327e-11
14.190	5.681418e-01	2.826486e+02	3.267938e-20	3.731838e-11
14.200	6.625396e-01	2.836064e+02	6.898993e-20	6.529707e-11
14.210	7.697597e-01	2.845185e+02	1.434366e-19	1.128142e-10
14.220	8.910937e-01	2.853848e+02	2.937960e-19	1.925132e-10
14.230	1.027903e+00	2.862050e+02	5.930483e-19	3.245704e-10
14.240	1.181617e+00	2.869792e+02	1.180147e-18	5.407927e-10
14.250	1.353727e+00	2.877073e+02	2.315922e-18	8.907268e-10
14.260	1.545782e+00	2.883892e+02	4.483230e-18	1.450660e-09
14.270	1.759387e+00	2.890249e+02	8.563898e-18	2.336724e-09
14.280	1.996192e+00	2.896144e+02	1.614716e-17	3.723739e-09
14.290	2.257886e+00	2.901578e+02	3.006027e-17	5.872039e-09
14.300	2.546191e+00	2.906550e+02	5.526961e-17	9.165182e-09
14.310	2.862852e+00	2.911062e+02	1.003918e-16	1.416244e-08
14.320	3.209631e+00	2.915114e+02	1.801966e-16	2.167102e-08
14.330	3.588292e+00	2.918708e+02	3.197033e-16	3.284450e-08
14.340	4.000597e+00	2.921844e+02	5.608055e-16	4.931543e-08
14.350	4.448293e+00	2.924525e+02	9.728623e-16	7.337243e-08
14.360	4.933101e+00	2.926751e+02	1.669441e-15	1.081940e-07
14.370	5.456707e+00	2.928525e+02	2.834490e-15	1.581549e-07
14.380	6.020750e+00	2.929848e+02	4.762819e-15	2.292226e-07
14.390	6.626813e+00	2.930724e+02	7.922034e-15	3.294668e-07
14.400	7.276409e+00	2.931154e+02	1.304634e-14	4.697082e-07
14.410	7.970976e+00	2.931142e+02	2.127713e-14	6.643350e-07
14.420	8.711864e+00	2.930689e+02	3.437168e-14	9.323250e-07
14.430	9.500322e+00	2.929800e+02	5.500984e-14	1.298511e-06
14.440	1.033750e+01	2.928477e+02	8.724048e-14	1.795133e-06
14.450	1.122442e+01	2.926723e+02	1.371254e-13	2.463736e-06
14.460	1.216200e+01	2.924542e+02	2.136596e-13	3.357449e-06
14.470	1.315100e+01	2.921938e+02	3.300739e-13	4.543731e-06
14.480	1.419209e+01	2.918915e+02	5.056647e-13	6.107619e-06
14.490	1.528574e+01	2.915476e+02	7.683399e-13	8.155571e-06
14.500	1.643231e+01	2.911625e+02	1.158132e-12	1.081995e-05
14.510	1.763200e+01	2.907368e+02	1.732006e-12	1.426422e-05
14.520	1.888487e+01	2.902708e+02	2.570389e-12	1.868897e-05
14.530	2.019079e+01	2.897650e+02	3.785963e-12	2.433875e-05
14.540	2.154951e+01	2.892198e+02	5.535414e-12	3.150984e-05
14.550	2.296059e+01	2.886358e+02	8.035015e-12	4.055903e-05
14.560	2.442345e+01	2.880134e+02	1.158114e-11	5.191336e-05
14.570	2.593735e+01	2.873532e+02	1.657709e-11	6.608104e-05
14.580	2.750140e+01	2.866555e+02	2.356783e-11	8.366330e-05
14.590	2.911456e+01	2.859211e+02	3.328485e-11	1.053676e-04
14.600	3.077562e+01	2.851504e+02	4.670346e-11	1.320215e-04
14.610	3.248324e+01	2.843439e+02	6.511566e-11	1.645883e-04
14.620	3.423596e+01	2.835022e+02	9.022210e-11	2.041830e-04
14.630	3.603217e+01	2.826260e+02	1.242474e-10	2.520899e-04
14.640	3.787011e+01	2.817156e+02	1.700841e-10	3.097805e-04
14.650	3.974795e+01	2.807718e+02	2.314704e-10	3.789327e-04
14.660	4.166370e+01	2.797951e+02	3.132093e-10	4.614500e-04
14.670	4.361528e+01	2.787861e+02	4.214371e-10	5.594827e-04
14.680	4.560054e+01	2.777454e+02	5.639490e-10	6.754472e-04
14.690	4.761718e+01	2.766737e+02	7.505931e-10	8.120478e-04
14.700	4.966288e+01	2.755714e+02	9.937450e-10	9.722965e-04
14.710	5.173520e+01	2.744393e+02	1.308874e-09	1.159534e-03
14.720	5.383167e+01	2.732780e+02	1.715216e-09	1.377451e-03
14.730	5.594974e+01	2.720881e+02	2.236570e-09	1.630103e-03
14.740	5.808681e+01	2.708702e+02	2.902237e-09	1.921934e-03
14.750	6.024026e+01	2.696249e+02	3.748111e-09	2.257790e-03
14.760	6.240743e+01	2.683530e+02	4.817958e-09	2.642938e-03
14.770	6.458564e+01	2.670550e+02	6.164893e-09	3.083076e-03
14.780	6.677219e+01	2.657315e+02	7.853076e-09	3.584348e-03
14.790	6.896437e+01	2.643833e+02	9.959670e-09	4.153352e-03
14.800	7.115950e+01	2.630109e+02	1.257706e-08	4.797151e-03
14.810	7.335487e+01	2.616151e+02	1.581538e-08	5.523274e-03
14.820	7.554781e+01	2.601964e+02	1.980537e-08	6.339723e-03
14.830	7.773567e+01	2.587555e+02	2.470157e-08	7.254968e-03
14.840	7.991584e+01	2.572931e+02	3.068596e-08	8.277951e-03
14.850	8.208573e+01	2.558097e+02	3.797191e-08	9.418072e-03
14.860	8.424281e+01	2.543061e+02	4.680863e-08	1.068519e-02
14.870	8.638457e+01	2.527829e+02	5.748612e-08	1.208960e-02
14.880	8.850860e+01	2.512407e+02	7.034050e-08	1.364202e-02
14.890	9.061250e+01	2.496801e+02	8.575996e-08	1.535360e-02
14.900	9.269396e+01	2.481019e+02	1.041912e-07	1.723585e-02
14.910	9.475075e+01	2.465066e+02	1.261462e-07	1.930068e-02
14.920	9.678068e+01	2.448949e+02	1.522103e-07	2.156031e-02
14.930	9.878166e+01	2.432673e+02	1.830496e-07	2.402729e-02
14.940	1.007517e+02	2.416246e+02	2.194201e-07	2.671447e-02
14.950	1.026888e+02	2.399673e+02	2.621769e-07	2.963493e-02
14.960	1.045911e+02	2.382961e+02	3.122838e-07	3.280197e-02
14.970	1.064569e+02	2.366116e+02	3.708240e-07	3.622909e-02
14.980	1.082844e+02	2.349144e+02	4.390110e-07	3.992994e-02
14.990	1.100722e+02	2.332050e+02	5.181995e-07	4.391827e-02
15.000	1.118186e+02	2.314842e+02	6.098983e-07	4.820792e-02
15.010	1.135223e+02	2.297524e+02	7.157817e-07	5.281274e-02
15.020	1.151819e+02	2.280104e+02	8.377033e-07	5.774660e-02
15.030	1.167962e+02	2.262585e+02	9.777084e-07	6.302334e-02
15.040	1.183641e+02	2.244976e+02	1.138048e-06	6.865668e-02
15.050	1.198844e+02	2.227280e+02	1.321192e-06	7.466027e-02
15.060	1.213564e+02	2.209504e+02	1.529843e-06	8.104758e-02
15.070	1.227790e+02	2.191654e+02	1.766953e-06	8.783188e-02
15.080	1.241515e+02	2.173734e+02	2.035733e-06	9.502626e-02
15.090	1.254731e+02	2.155751e+02	2.339671e-06	1.026435e-01
15.100	1.267434e+02	2.137709e+02	2.682544e-06	1.106961e-01
15.110	1.279617e+02	2.119615e+02	3.068430e-06	1.191963e-01
15.120	1.291276e+02	2.101473e+02	3.501726e-06	1.281559e-01
15.130	1.302407e+02	2.083288e+02	3.987156e-06	1.375863e-01
15.140	1.313008e+02	2.065066e+02	4.529788e-06	1.474987e-01
15.150	1.323076e+02	2.046812e+02	5.135042e-06	1.579036e-01
15.160	1.332611e+02	2.028530e+02	5.808702e-06	1.688113e-01
15.170	1.341610e+02	2.010226e+02	6.556927e-06	1.802314e-01
15.180	1.350076e+02	1.991904e+02	7.386261e-06	1.921732e-01
15.190	1.358007e+02	1.973569e+02	8.303639e-06	2.046453e-01
15.200	1.365406e+02	1.955226e+02	9.316396e-06	2.176561e-01
15.210	1.372275e+02	1.936879e+02	1.043227e-05	2.312132e-01
15.220	1.378616e+02	1.918533e+02	1.165942e-05	2.453238e-01
15.230	1.384432e+02	1.900192e+02	1.300640e-05	2.599944e-01
15.240	1.389728e+02	1.881860e+02	1.448220e-05	2.752312e-01
15.250	1.394507e+02	1.863542e+02	1.609621e-05	2.910396e-01
15.260	1.398775e+02	1.845242e+02	1.785824e-05	3.074247e-01
15.270	1.402536e+02	1.826963e+02	1.977852e-05	3.243908e-01
15.280	1.405796e+02	1.808711e+02	2.186767e-05	3.419418e-01
15.290	1.408561e+02	1.790488e+02	2.413673e-05	3.600811e-01
15.300	1.410838e+02	1.772298e+02	2.659713e-05	3.788114e-01
15.310	1.412634e+02	1.754147e+02	2.926067e-05	3.981350e-01
15.320	1.413956e+02	1.736036e+02	3.213955e-05	4.180536e-01
15.330	1.414811e+02	1.717969e+02	3.524631e-05	4.385684e-01
15.340	1.415208e+02	1.699951e+02	3.859385e-05	4.596801e-01
15.350	1.415154e+02	1.681984e+02	4.219538e-05	4.813890e-01
15.360	1.414658e+02	1.664071e+02	4.606444e-05	5.036947e-01
15.370	1.413728e+02	1.646217e+02	5.021487e-05	5.265965e-01
15.380	1.412374e+02	1.628424e+02	5.466076e-05	5.500932e-01
15.390	1.410604e+02	1.610695e+02	5.941646e-05	5.741831e-01
15.400	1.408427e+02	1.593033e+02	6.449656e-05	5.988643e-01
15.410	1.405854e+02	1.575441e+02	6.991583e-05	6.241340e-01
15.420	1.402893e+02	1.557923e+02	7.568922e-05	6.499896e-01
15.430	1.399553e+02	1.540479e+02	8.183184e-05	6.764277e-01
15.440	1.395846e+02	1.523114e+02	8.835890e-05	7.034447e-01
15.450	1.391780e+02	1.505830e+02	9.528571e-05	7.310366e-01
15.460	1.387365e+02	1.488630e+02	1.026276e-04	7.591990e-01
15.470	1.382611e+02	1.471515e+02	1.104001e-04	7.879274e-01
15.480	1.377528e+02	1.454488e+02	1.186184e-04	8.172168e-01
15.490	1.372126e+02	1.437552e+02	1.272980e-04	8.470621e-01
15.500	1.366415e+02	1.420708e+02	1.364542e-04	8.774576e-01
15.510	1.360405e+02	1.403959e+02	1.461021e-04	9.083977e-01
15.520	1.354106e+02	1.387306e+02	1.562567e-04	9.398765e-01
15.530	1.347527e+02	1.370753e+02	1.669331e-04	9.718877e-01
15.540	1.340678e+02	1.354300e+02	1.781457e-04	1.004425e+00
15.550	1.333569e+02	1.337949e+02	1.899091e-04	1.037482e+00
15.560	1.326211e+02	1.321703e+02	2.022376e-04	1.071051e+00
15.570	1.318611e+02	1.305562e+02	2.151448e-04	1.105127e+00
15.580	1.310781e+02	1.289529e+02	2.286444e-04	1.139701e+00
15.590	1.302729e+02	1.273605e+02	2.427497e-04	1.174767e+00
15.600	1.294464e+02	1.257791e+02	2.574733e-04	1.210317e+00
15.610	1.285997e+02	1.242089e+02	2.728276e-04	1.246344e+00
15.620	1.277335e+02	1.226500e+02	2.888247e-04	1.282841e+00
15.630	1.268489e+02	1.211026e+02	3.054759e-04	1.319800e+00
15.640	1.259466e+02	1.195667e+02	3.227922e-04	1.357213e+00
15.650	1.250276e+02	1.180425e+02	3.407840e-04	1.395073e+00
15.660	1.240927e+02	1.165301e+02	3.594611e-04	1.433371e+00
15.670	1.231428e+02	1.150295e+02	3.788330e-04	1.472101e+00
15.680	1.221787e+02	1.135410e+02	3.989081e-04	1.511255e+00
15.690	1.212011e+02	1.120645e+02	4.196948e-04	1.550824e+00
15.700	1.202110e+02	1.106002e+02	4.412003e-04	1.590801e+00
15.710	1.192091e+02	1.091481e+02	4.634315e-04	1.631178e+00
15.720	1.181961e+02	1.077083e+02	4.863945e-04	1.671948e+00
15.730	1.171729e+02	1.062808e+02	5.100948e-04	1.713102e+00
15.740	1.161400e+02	1.048658e+02	5.345370e-04	1.754633e+00
15.750	1.150984e+02	1.034633e+02	5.597253e-04	1.796534e+00
15.760	1.140486e+02	1.020733e+02	5.856631e-04	1.838796e+00
15.770	1.129914e+02	1.006959e+02	6.123528e-04	1.881413e+00
15.780	1.119274e+02	9.933117e+01	6.397964e-04	1.924376e+00
15.790	1.108572e+02	9.797906e+01	6.679951e-04	1.967678e+00
15.800	1.097816e+02	9.663963e+01	6.969493e-04	2.011311e+00
15.810	1.087012e+02	9.531292e+01	7.266586e-04	2.055269e+00
15.820	1.076164e+02	9.399895e+01	7.571221e-04	2.099545e+00
15.830	1.065280e+02	9.269773e+01	7.883380e-04	2.144130e+00
15.840	1.054365e+02	9.140928e+01	8.203037e-04	2.189018e+00
15.850	1.043425e+02	9.013360e+01	8.530161e-04	2.234202e+00
15.860	1.032464e+02	8.887070e+01	8.864711e-04	2.279675e+00
15.870	1.021488e+02	8.762058e+01	9.206643e-04	2.325430e+00
15.880	1.010503e+02	8.638324e+01	9.555901e-04	2.371461e+00
15.890	9.995124e+01	8.515866e+01	9.912426e-04	2.417760e+00
15.900	9.885218e+01	8.394684e+01	1.027615e-03	2.464322e+00
15.910	9.775356e+01	8.274777e+01	1.064700e-03	2.511140e+00
15.920	9.665583e+01	8.156141e+01	1.102490e-03	2.558207e+00
15.930	9.555940e+01	8.038776e+01	1.140975e-03	2.605517e+00
15.940	9.446470e+01	7.922678e+01	1.180147e-03	2.653064e+00
15.950	9.337212e+01	7.807845e+01	1.219995e-03	2.700843e+00
15.960	9.228205e+01	7.694273e+01	1.260510e-03	2.748847e+00
15.970	9.119485e+01	7.581960e+01	1.301680e-03	2.797070e+00
15.980	9.011089e+01	7.470900e+01	1.343493e-03	2.845507e+00
15.990	8.903051e+01	7.361091e+01	1.385937e-03	2.894153e+00
16.000	8.795402e+01	7.252528e+01	1.429001e-03	2.943001e+00
16.010	8.688176e+01	7.145206e+01	1.472669e-03	2.992046e+00
16.020	8.581402e+01	7.039120e+01	1.516930e-03	3.041283e+00
16.030	8.475110e+01	6.934265e+01	1.561768e-03	3.090707e+00
16.040	8.369326e+01	6.830636e+01	1.607170e-03	3.140313e+00
16.050	8.264078e+01	6.728227e+01	1.653120e-03	3.190096e+00
16.060	8.159391e+01	6.627033e+01	1.699604e-03	3.240051e+00
16.070	8.055289e+01	6.527047e+01	1.746605e-03	3.290174e+00
16.080	7.951795e+01	6.428262e+01	1.794107e-03	3.340459e+00
16.090	7.848931e+01	6.330673e+01	1.842095e-03	3.390902e+00
16.100	7.746717e+01	6.234273e+01	1.890552e-03	3.441499e+00
16.110	7.645175e+01	6.139056e+01	1.939461e-03	3.492245e+00
16.120	7.544322e+01	6.045012e+01	1.988804e-03	3.543137e+00
16.130	7.444175e+01	5.952137e+01	2.038565e-03	3.594170e+00
16.140	7.344753e+01	5.860422e+01	2.088727e-03	3.645339e+00
16.150	7.246070e+01	5.769860e+01	2.139270e-03	3.696642e+00
16.160	7.148142e+01	5.680443e+01	2.190179e-03	3.748074e+00
16.170	7.050982e+01	5.592163e+01	2.241434e-03	3.799631e+00
16.180	6.954603e+01	5.505013e+01	2.293018e-03	3.851311e+00
16.190	6.859018e+01	5.418984e+01	2.344913e-03	3.903108e+00
16.200	6.764238e+01	5.334068e+01	2.397100e-03	3.955021e+00
16.210	6.670274e+01	5.250257e+01	2.449562e-03	4.007045e+00
16.220	6.577136e+01	5.167542e+01	2.502279e-03	4.059177e+00
16.230	6.484832e+01	5.085914e+01	2.555234e-03	4.111414e+00
16.240	6.393370e+01	5.005366e+01	2.608409e-03	4.163752e+00
16.250	6.302759e+01	4.925889e+01	2.661785e-03	4.216190e+00
16.260	6.213006e+01	4.847473e+01	2.715345e-03	4.268723e+00
16.270	6.124116e+01	4.770109e+01	2.769070e-03	4.321349e+00
16.280	6.036095e+01	4.693790e+01	2.822942e-03	4.374065e+00
16.290	5.948949e+01	4.618505e+01	2.876943e-03	4.426868e+00
16.300	5.862681e+01	4.544245e+01	2.931056e-03	4.479756e+00
16.310	5.777295e+01	4.471003e+01	2.985263e-03	4.532726e+00
16.320	5.692795e+01	4.398767e+01	3.039547e-03	4.585775e+00
16.330	5.609183e+01	4.327529e+01	3.093890e-03	4.638902e+00
16.340	5.526461e+01	4.257280e+01	3.148275e-03	4.692103e+00
16.350	5.444632e+01	4.188011e+01	3.202686e-03	4.745376e+00
16.360	5.363695e+01	4.119711e+01	3.257105e-03	4.798720e+00
16.370	5.283653e+01	4.052372e+01	3.311517e-03	4.852131e+00
16.380	5.204505e+01	3.985984e+01	3.365905e-03	4.905608e+00
16.390	5.126251e+01	3.920538e+01	3.420253e-03	4.959149e+00
16.400	5.048891e+01	3.856024e+01	3.474545e-03	5.012751e+00
16.410	4.972423e+01	3.792432e+01	3.528766e-03	5.066414e+00
16.420	4.896846e+01	3.729754e+01	3.582900e-03	5.120133e+00
16.430	4.822159e+01	3.667980e+01	3.636934e-03	5.173909e+00
16.440	4.748359e+01	3.607100e+01	3.690851e-03	5.227739e+00
16.450	4.675444e+01	3.547104e+01	3.744639e-03	5.281622e+00
16.460	4.603411e+01	3.487984e+01	3.798282e-03	5.335555e+00
16.470	4.532258e+01	3.429730e+01	3.851767e-03	5.389537e+00
16.480	4.461980e+01	3.372332e+01	3.905080e-03	5.443567e+00
16.490	4.392574e+01	3.315780e+01	3.958209e-03	5.497643e+00
16.500	4.324037e+01	3.260067e+01	4.011141e-03	5.551763e+00
16.510	4.256365e+01	3.205181e+01	4.063863e-03	5.605926e+00
16.520	4.189552e+01	3.151113e+01	4.116363e-03	5.660131e+00
16.530	4.123594e+01	3.097855e+01	4.168629e-03	5.714376e+00
16.540	4.058487e+01	3.045397e+01	4.220651e-03	5.768660e+00
16.550	3.994226e+01	2.993729e+01	4.272416e-03	5.822982e+00
16.560	3.930804e+01	2.942842e+01	4.323913e-03	5.877340e+00
16.570	3.868218e+01	2.892728e+01	4.375134e-03	5.931733e+00
16.580	3.806461e+01	2.843376e+01	4.426067e-03	5.986160e+00
16.590	3.745527e+01	2.794778e+01	4.476702e-03	6.040620e+00
16.600	3.685411e+01	2.746924e+01	4.527031e-03	6.095112e+00
16.610	3.626107e+01	2.699806e+01	4.577044e-03	6.149634e+00
16.620	3.567608e+01	2.653414e+01	4.626732e-03	6.204186e+00
16.630	3.509908e+01	2.607739e+01	4.676087e-03	6.258767e+00
16.640	3.453001e+01	2.562773e+01	4.725101e-03	6.313376e+00
16.650	3.396880e+01	2.518507e+01	4.773766e-03	6.368011e+00
16.660	3.341539e+01	2.474931e+01	4.822075e-03	6.422672e+00
16.670	3.286970e+01	2.432038e+01	4.870020e-03	6.477358e+00
16.680	3.233168e+01	2.389817e+01	4.917595e-03	6.532068e+00
16.690	3.180124e+01	2.348261e+01	4.964793e-03	6.586802e+00
16.700	3.127833e+01	2.307361e+01	5.011609e-03	6.641558e+00
16.710	3.076286e+01	2.267109e+01	5.058036e-03	6.696335e+00
16.720	3.025478e+01	2.227495e+01	5.104069e-03	6.751134e+00
16.730	2.975400e+01	2.188512e+01	5.149702e-03	6.805953e+00
16.740	2.926046e+01	2.150151e+01	5.194932e-03	6.860791e+00
16.750	2.877408e+01	2.112404e+01	5.239752e-03	6.915648e+00
16.760	2.829480e+01	2.075262e+01	5.284160e-03	6.970524e+00
16.770	2.782253e+01	2.038718e+01	5.328150e-03	7.025417e+00
16.780	2.735720e+01	2.002764e+01	5.371720e-03	7.080327e+00
16.790	2.689874e+01	1.967390e+01	5.414865e-03	7.135253e+00
16.800	2.644708e+01	1.932590e+01	5.457583e-03	7.190195e+00
16.810	2.600214e+01	1.898356e+01	5.499870e-03	7.245152e+00
16.820	2.556385e+01	1.864679e+01	5.541725e-03	7.300124e+00
16.830	2.513213e+01	1.831552e+01	5.583144e-03	7.355110e+00
16.840	2.470691e+01	1.798967e+01	5.624126e-03	7.410110e+00
16.850	2.428812e+01	1.766917e+01	5.664668e-03	7.465122e+00
16.860	2.387567e+01	1.735394e+01	5.704769e-03	7.520148e+00
16.870	2.346951e+01	1.704390e+01	5.744428e-03	7.575185e+00
16.880	2.306954e+01	1.673899e+01	5.783643e-03	7.630235e+00
16.890	2.267570e+01	1.643912e+01	5.822413e-03	7.685296e+00
16.900	2.228792e+01	1.614423e+01	5.860739e-03	7.740367e+00
16.910	2.190612e+01	1.585425e+01	5.898618e-03	7.795450e+00
16.920	2.153023e+01	1.556910e+01	5.936052e-03	7.850542e+00
16.930	2.116017e+01	1.528871e+01	5.973039e-03	7.905644e+00
16.940	2.079588e+01	1.501302e+01	6.009580e-03	7.960756e+00
16.950	2.043728e+01	1.474195e+01	6.045675e-03	8.015876e+00
16.960	2.008429e+01	1.447543e+01	6.081325e-03	8.071006e+00
16.970	1.973686e+01	1.421341e+01	6.116530e-03	8.126144e+00
16.980	1.939490e+01	1.395581e+01	6.151291e-03	8.181290e+00
16.990	1.905834e+01	1.370256e+01	6.185610e-03	8.236443e+00
17.000	1.872712e+01	1.345361e+01	6.219486e-03	8.291604e+00
17.010	1.840116e+01	1.320888e+01	6.252922e-03	8.346773e+00
17.020	1.808040e+01	1.296832e+01	6.285920e-03	8.401948e+00
17.030	1.776477e+01	1.273186e+01	6.318479e-03	8.457130e+00
17.040	1.745419e+01	1.249943e+01	6.350604e-03	8.512319e+00
17.050	1.714860e+01	1.227099e+01	6.382294e-03	8.567513e+00
17.060	1.684794e+01	1.204646e+01	6.413553e-03	8.622714e+00
17.070	1.655213e+01	1.182578e+01	6.444382e-03	8.677920e+00
17.080	1.626110e+01	1.160890e+01	6.474783e-03	8.733132e+00
17.090	1.597481e+01	1.139576e+01	6.504760e-03	8.788348e+00
17.100	1.569316e+01	1.118631e+01	6.534315e-03	8.843571e+00
17.110	1.541611e+01	1.098047e+01	6.563449e-03	8.898797e+00
17.120	1.514359e+01	1.077820e+01	6.592166e-03	8.954029e+00
17.130	1.487553e+01	1.057944e+01	6.620469e-03	9.009265e+00
17.140	1.461187e+01	1.038414e+01	6.648361e-03	9.064505e+00
17.150	1.435256e+01	1.019224e+01	6.675844e-03	9.119750e+00
17.160	1.409751e+01	1.000368e+01	6.702921e-03	9.174998e+00
17.170	1.384669e+01	9.818425e+00	6.729596e-03	9.230250e+00
17.180	1.360001e+01	9.636410e+00	6.755872e-03	9.285506e+00
17.190	1.335743e+01	9.457585e+00	6.781752e-03	9.340766e+00
17.200	1.311889e+01	9.281901e+00	6.807239e-03	9.396028e+00
17.210	1.288432e+01	9.109306e+00	6.832337e-03	9.451294e+00
17.220	1.265367e+01	8.939752e+00	6.857050e-03	9.506563e+00
17.230	1.242688e+01	8.773189e+00	6.881380e-03	9.561835e+00
17.240	1.220389e+01	8.609569e+00	6.905332e-03	9.617110e+00
17.250	1.198465e+01	8.448845e+00	6.928908e-03	9.672388e+00
17.260	1.176909e+01	8.290969e+00	6.952114e-03	9.727668e+00
17.270	1.155718e+01	8.135896e+00	6.974951e-03	9.782950e+00
17.280	1.134884e+01	7.983579e+00	6.997425e-03	9.838235e+00
17.290	1.114403e+01	7.833974e+00	7.019539e-03	9.893523e+00
17.300	1.094269e+01	7.687035e+00	7.041296e-03	9.948812e+00
17.310	1.074477e+01	7.542720e+00	7.062701e-03	1.000410e+01
17.320	1.055022e+01	7.400986e+00	7.083757e-03	1.005940e+01
17.330	1.035899e+01	7.261788e+00	7.104468e-03	1.011469e+01
17.340	1.017102e+01	7.125086e+00	7.124838e-03	1.016999e+01
17.350	9.986267e+00	6.990839e+00	7.144871e-03	1.022529e+01
17.360	9.804680e+00	6.859004e+00	7.164571e-03	1.028059e+01
17.370	9.626210e+00	6.729543e+00	7.183941e-03	1.033589e+01
17.380	9.450808e+00	6.602416e+00	7.202987e-03	1.039119e+01
17.390	9.278426e+00	6.477582e+00	7.221711e-03	1.044650e+01
17.400	9.109017e+00	6.355005e+00	7.240118e-03	1.050181e+01
17.410	8.942535e+00	6.234646e+00	7.258211e-03	1.055711e+01
17.420	8.778933e+00	6.116468e+00	7.275995e-03	1.061242e+01
17.430	8.618166e+00	6.000434e+00	7.293473e-03	1.066773e+01
17.440	8.460189e+00	5.886507e+00	7.310650e-03	1.072304e+01
17.450	8.304958e+00	5.774652e+00	7.327529e-03	1.077835e+01
17.460	8.152429e+00	5.664835e+00	7.344114e-03	1.083367e+01
17.470	8.002559e+00	5.557019e+00	7.360409e-03	1.088898e+01
17.480	7.855306e+00	5.451171e+00	7.376419e-03	1.094430e+01
17.490	7.710627e+00	5.347257e+00	7.392146e-03	1.099961e+01
17.500	7.568482e+00	5.245245e+00	7.407595e-03	1.105493e+01
17.510	7.428828e+00	5.145102e+00	7.422770e-03	1.111025e+01
17.520	7.291627e+00	5.046795e+00	7.437675e-03	1.116556e+01
17.530	7.156838e+00	4.950293e+00	7.452312e-03	1.122088e+01
17.540	7.024422e+00	4.855564e+00	7.466687e-03	1.127620e+01
17.550	6.894341e+00	4.762579e+00	7.480803e-03	1.133152e+01
17.560	6.766557e+00	4.671307e+00	7.494664e-03	1.138684e+01
17.570	6.641031e+00	4.581718e+00	7.508273e-03	1.144216e+01
17.580	6.517727e+00	4.493783e+00	7.521634e-03	1.149748e+01
17.590	6.396608e+00	4.407473e+00	7.534751e-03	1.155281e+01
17.600	6.277639e+00	4.322761e+00	7.547628e-03	1.160813e+01
17.610	6.160784e+00	4.239617e+00	7.560268e-03	1.166345e+01
17.620	6.046008e+00	4.158015e+00	7.572674e-03	1.171877e+01
17.630	5.933276e+00	4.077927e+00	7.584851e-03	1.177410e+01
17.640	5.822555e+00	3.999327e+00	7.596801e-03	1.182942e+01
17.650	5.713811e+00	3.922190e+00	7.608529e-03	1.188474e+01
17.660	5.607012e+00	3.846488e+00	7.620038e-03	1.194007e+01
17.670	5.502124e+00	3.772197e+00	7.631331e-03	1.199539e+01
17.680	5.399115e+00	3.699292e+00	7.642412e-03	1.205072e+01
17.690	5.297955e+00	3.627748e+00	7.653284e-03	1.210604e+01
17.700	5.198613e+00	3.557542e+00	7.663951e-03	1.216137e+01
17.710	5.101056e+00	3.488649e+00	7.674415e-03	1.221669e+01
17.720	5.005257e+00	3.421046e+00	7.684680e-03	1.227202e+01
17.730	4.911184e+00	3.354710e+00	7.694750e-03	1.232734e+01
17.740	4.818808e+00	3.289619e+00	7.704627e-03	1.238267e+01
17.750	4.728101e+00	3.225750e+00	7.714315e-03	1.243799e+01
17.760	4.639035e+00	3.163082e+00	7.723817e-03	1.249332e+01
17.770	4.551581e+00	3.101593e+00	7.733135e-03	1.254864e+01
17.780	4.465712e+00	3.041262e+00	7.742274e-03	1.260397e+01
17.790	4.381401e+00	2.982067e+00	7.751236e-03	1.265930e+01
17.800	4.298622e+00	2.923990e+00	7.760024e-03	1.271462e+01
17.810	4.217347e+00	2.867009e+00	7.768641e-03	1.276995e+01
17.820	4.137552e+00	2.811105e+00	7.777089e-03	1.282527e+01
17.830	4.059210e+00	2.756258e+00	7.785373e-03	1.288060e+01
17.840	3.982297e+00	2.702450e+00	7.793495e-03	1.293592e+01
17.850	3.906789e+00	2.649661e+00	7.801457e-03	1.299125e+01
17.860	3.832660e+00	2.597873e+00	7.809262e-03	1.304657e+01
17.870	3.759887e+00	2.547068e+00	7.816913e-03	1.310190e+01
17.880	3.688446e+00	2.497227e+00	7.824413e-03	1.315723e+01
17.890	3.618316e+00	2.448335e+00	7.831765e-03	1.321255e+01
17.900	3.549471e+00	2.400372e+00	7.838971e-03	1.326788e+01
17.910	3.481891e+00	2.353323e+00	7.846033e-03	1.332320e+01
17.920	3.415553e+00	2.307170e+00	7.852954e-03	1.337853e+01
17.930	3.350436e+00	2.261897e+00	7.859738e-03	1.343385e+01
17.940	3.286518e+00	2.217488e+00	7.866385e-03	1.348918e+01
17.950	3.223778e+00	2.173928e+00	7.872900e-03	1.354450e+01
17.960	3.162195e+00	2.131200e+00	7.879283e-03	1.359983e+01
17.970	3.101750e+00	2.089289e+00	7.885538e-03	1.365515e+01
17.980	3.042422e+00	2.048181e+00	7.891667e-03	1.371047e+01
17.990	2.984191e+00	2.007860e+00	7.897673e-03	1.376580e+01
18.000	2.927039e+00	1.968313e+00	7.903556e-03	1.382112e+01
18.010	2.870946e+00	1.929524e+00	7.909321e-03	1.387645e+01
18.020	2.815893e+00	1.891480e+00	7.914968e-03	1.393177e+01
18.030	2.761863e+00	1.854167e+00	7.920500e-03	1.398709e+01
18.040	2.708836e+00	1.817571e+00	7.925920e-03	1.404242e+01
18.050	2.656796e+00	1.781680e+00	7.931229e-03	1.409774e+01
18.060	2.605724e+00	1.746479e+00	7.936430e-03	1.415306e+01
18.070	2.555603e+00	1.711957e+00	7.941524e-03	1.420839e+01
18.080	2.506417e+00	1.678101e+00	7.946513e-03	1.426371e+01
18.090	2.458149e+00	1.644898e+00	7.951400e-03	1.431903e+01
18.100	2.410782e+00	1.612336e+00	7.956187e-03	1.437436e+01
18.110	2.364301e+00	1.580403e+00	7.960875e-03	1.442968e+01
18.120	2.318689e+00	1.549087e+00	7.965466e-03	1.448500e+01
18.130	2.273930e+00	1.518378e+00	7.969962e-03	1.454032e+01
18.140	2.230010e+00	1.488263e+00	7.974365e-03	1.459564e+01
18.150	2.186914e+00	1.458731e+00	7.978677e-03	1.465097e+01
18.160	2.144627e+00	1.429772e+00	7.982900e-03	1.470629e+01
18.170	2.103133e+00	1.401375e+00	7.987034e-03	1.476161e+01
18.180	2.062420e+00	1.373529e+00	7.991083e-03	1.481693e+01
18.190	2.022472e+00	1.346223e+00	7.995047e-03	1.487225e+01
18.200	1.983276e+00	1.319449e+00	7.998928e-03	1.492757e+01
18.210	1.944818e+00	1.293195e+00	8.002729e-03	1.498289e+01
18.220	1.907085e+00	1.267452e+00	8.006450e-03	1.503821e+01
18.230	1.870064e+00	1.242210e+00	8.010092e-03	1.509353e+01
18.240	1.833742e+00	1.217460e+00	8.013659e-03	1.514885e+01
18.250	1.798107e+00	1.193193e+00	8.017150e-03	1.520417e+01
18.260	1.763145e+00	1.169399e+00	8.020568e-03	1.525949e+01
18.270	1.728844e+00	1.146069e+00	8.023915e-03	1.531481e+01
18.280	1.695193e+00	1.123195e+00	8.027190e-03	1.537013e+01
18.290	1.662180e+00	1.100768e+00	8.030396e-03	1.542545e+01
18.300	1.629792e+00	1.078779e+00	8.033535e-03	1.548077e+01
18.310	1.598019e+00	1.057221e+00	8.036607e-03	1.553609e+01
18.320	1.566849e+00	1.036084e+00	8.039615e-03	1.559141e+01
18.330	1.536272e+00	1.015362e+00	8.042558e-03	1.564673e+01
18.340	1.506276e+00	9.950457e-01	8.045439e-03	1.570205e+01
18.350	1.476850e+00	9.751278e-01	8.048259e-03	1.575737e+01
18.360	1.447985e+00	9.556006e-01	8.051019e-03	1.581268e+01
18.370	1.419670e+00	9.364568e-01	8.053720e-03	1.586800e+01
18.380	1.391895e+00	9.176889e-01	8.056363e-03	1.592332e+01
18.390	1.364649e+00	8.992898e-01	8.058950e-03	1.597864e+01
18.400	1.337924e+00	8.812526e-01	8.061482e-03	1.603395e+01
18.410	1.311709e+00	8.635701e-01	8.063960e-03	1.608927e+01
18.420	1.285995e+00	8.462357e-01	8.066384e-03	1.614459e+01
18.430	1.260774e+00	8.292426e-01	8.068757e-03	1.619991e+01
18.440	1.236035e+00	8.125843e-01	8.071079e-03	1.625522e+01
18.450	1.211769e+00	7.962545e-01	8.073351e-03	1.631054e+01
18.460	1.187969e+00	7.802467e-01	8.075574e-03	1.636586e+01
18.470	1.164625e+00	7.645548e-01	8.077749e-03	1.642117e+01
18.480	1.141729e+00	7.491728e-01	8.079878e-03	1.647649e+01
18.490	1.119273e+00	7.340945e-01	8.081961e-03	1.653181e+01
18.500	1.097248e+00	7.193143e-01	8.083999e-03	1.658712e+01
18.510	1.075647e+00	7.048263e-01	8.085993e-03	1.664244e+01
18.520	1.054461e+00	6.906250e-01	8.087943e-03	1.669775e+01
18.530	1.033683e+00	6.767047e-01	8.089852e-03	1.675307e+01
18.540	1.013305e+00	6.630600e-01	8.091720e-03	1.680838e+01
18.550	9.933192e-01	6.496857e-01	8.093547e-03	1.686370e+01
18.560	9.737193e-01	6.365765e-01	8.095334e-03	1.691901e+01
18.570	9.544975e-01	6.237272e-01	8.097083e-03	1.697433e+01
18.580	9.356468e-01	6.111329e-01	8.098794e-03	1.702964e+01
18.590	9.171602e-01	5.987885e-01	8.100467e-03	1.708496e+01
18.600	8.990309e-01	5.866893e-01	8.102104e-03	1.714027e+01
18.610	8.812522e-01	5.748305e-01	8.103706e-03	1.719559e+01
18.620	8.638175e-01	5.632074e-01	8.105273e-03	1.725090e+01
18.630	8.467204e-01	5.518154e-01	8.106806e-03	1.730622e+01
18.640	8.299544e-01	5.406500e-01	8.108305e-03	1.736153e+01
18.650	8.135134e-01	5.297069e-01	8.109772e-03	1.741685e+01
18.660	7.973913e-01	5.189816e-01	8.111206e-03	1.747216e+01
18.670	7.815819e-01	5.084701e-01	8.112609e-03	1.752747e+01
18.680	7.660795e-01	4.981680e-01	8.113982e-03	1.758279e+01
18.690	7.508782e-01	4.880713e-01	8.115325e-03	1.763810e+01
18.700	7.359724e-01	4.781760e-01	8.116638e-03	1.769341e+01
18.710	7.213565e-01	4.684782e-01	8.117923e-03	1.774873e+01
18.720	7.070249e-01	4.589740e-01	8.119179e-03	1.780404e+01
18.730	6.929723e-01	4.496596e-01	8.120408e-03	1.785935e+01
18.740	6.791934e-01	4.405313e-01	8.121610e-03	1.791467e+01
18.750	6.656830e-01	4.315855e-01	8.122785e-03	1.796998e+01
18.760	6.524360e-01	4.228186e-01	8.123935e-03	1.802529e+01
18.770	6.394475e-01	4.142271e-01	8.125059e-03	1.808060e+01
18.780	6.267125e-01	4.058075e-01	8.126159e-03	1.813592e+01
18.790	6.142261e-01	3.975565e-01	8.127235e-03	1.819123e+01
18.800	6.019837e-01	3.894708e-01	8.128287e-03	1.824654e+01
18.810	5.899807e-01	3.815470e-01	8.129316e-03	1.830185e+01
18.820	5.782123e-01	3.737822e-01	8.130322e-03	1.835717e+01
18.830	5.666743e-01	3.661730e-01	8.131306e-03	1.841248e+01
18.840	5.553621e-01	3.587165e-01	8.132268e-03	1.846779e+01
18.850	5.442716e-01	3.514097e-01	8.133209e-03	1.852310e+01
18.860	5.333983e-01	3.442495e-01	8.134129e-03	1.857841e+01
18.870	5.227382e-01	3.372332e-01	8.135029e-03	1.863372e+01
18.880	5.122873e-01	3.303578e-01	8.135909e-03	1.868904e+01
18.890	5.020414e-01	3.236207e-01	8.136770e-03	1.874435e+01
18.900	4.919967e-01	3.170190e-01	8.137611e-03	1.879966e+01
18.910	4.821494e-01	3.105501e-01	8.138434e-03	1.885497e+01
18.920	4.724956e-01	3.042114e-01	8.139239e-03	1.891028e+01
18.930	4.630315e-01	2.980003e-01	8.140026e-03	1.896559e+01
18.940	4.537537e-01	2.919143e-01	8.140795e-03	1.902090e+01
18.950	4.446585e-01	2.859508e-01	8.141548e-03	1.907621e+01
18.960	4.357423e-01	2.801076e-01	8.142283e-03	1.913153e+01
18.970	4.270018e-01	2.743822e-01	8.143003e-03	1.918684e+01
18.980	4.184336e-01	2.687722e-01	8.143706e-03	1.924215e+01
18.990	4.100343e-01	2.632754e-01	8.144394e-03	1.929746e+01
19.000	4.018007e-01	2.578895e-01	8.145066e-03	1.935277e+01
19.010	3.937296e-01	2.526124e-01	8.145724e-03	1.940808e+01
19.020	3.858178e-01	2.474418e-01	8.146367e-03	1.946339e+01
19.030	3.780624e-01	2.423757e-01	8.146996e-03	1.951870e+01
19.040	3.704602e-01	2.374120e-01	8.147610e-03	1.957401e+01
19.050	3.630083e-01	2.325487e-01	8.148211e-03	1.962932e+01
19.060	3.557037e-01	2.277837e-01	8.148799e-03	1.968463e+01
19.070	3.485438e-01	2.231151e-01	8.149374e-03	1.973994e+01
19.080	3.415255e-01	2.185410e-01	8.149935e-03	1.979525e+01
19.090	3.346463e-01	2.140594e-01	8.150485e-03	1.985056e+01
19.100	3.279033e-01	2.096687e-01	8.151022e-03	1.990587e+01
19.110	3.212941e-01	2.053668e-01	8.151547e-03	1.996118e+01
19.120	3.148158e-01	2.011522e-01	8.152060e-03	2.001649e+01
19.130	3.084661e-01	1.970230e-01	8.152562e-03	2.007180e+01
19.140	3.022425e-01	1.929775e-01	8.153053e-03	2.012711e+01
19.150	2.961424e-01	1.890141e-01	8.153532e-03	2.018242e+01
19.160	2.901634e-01	1.851311e-01	8.154001e-03	2.023773e+01
19.170	2.843033e-01	1.813269e-01	8.154460e-03	2.029304e+01
19.180	2.785597e-01	1.775999e-01	8.154908e-03	2.034835e+01
19.190	2.729303e-01	1.739487e-01	8.155346e-03	2.040365e+01
19.200	2.674129e-01	1.703716e-01	8.155775e-03	2.045896e+01
19.210	2.620053e-01	1.668672e-01	8.156194e-03	2.051427e+01
19.220	2.567054e-01	1.634341e-01	8.156603e-03	2.056958e+01
19.230	2.515111e-01	1.600707e-01	8.157003e-03	2.062489e+01
19.240	2.464203e-01	1.567758e-01	8.157395e-03	2.068020e+01
19.250	2.414310e-01	1.535480e-01	8.157777e-03	2.073551e+01
19.260	2.365411e-01	1.503858e-01	8.158151e-03	2.079082e+01
19.270	2.317489e-01	1.472880e-01	8.158517e-03	2.084613e+01
19.280	2.270523e-01	1.442533e-01	8.158874e-03	2.090144e+01
19.290	2.224494e-01	1.412804e-01	8.159224e-03	2.095674e+01
19.300	2.179385e-01	1.383681e-01	8.159565e-03	2.101205e+01
19.310	2.135178e-01	1.355152e-01	8.159899e-03	2.106736e+01
19.320	2.091854e-01	1.327204e-01	8.160226e-03	2.112267e+01
19.330	2.049396e-01	1.299827e-01	8.160545e-03	2.117798e+01
19.340	2.007788e-01	1.273008e-01	8.160857e-03	2.123329e+01
19.350	1.967012e-01	1.246736e-01	8.161162e-03	2.128860e+01
19.360	1.927053e-01	1.221001e-01	8.161460e-03	2.134390e+01
19.370	1.887894e-01	1.195791e-01	8.161751e-03	2.139921e+01
19.380	1.849520e-01	1.171096e-01	8.162036e-03	2.145452e+01
19.390	1.811914e-01	1.146906e-01	8.162315e-03	2.150983e+01
19.400	1.775063e-01	1.123210e-01	8.162587e-03	2.156514e+01
19.410	1.738951e-01	1.099998e-01	8.162853e-03	2.162045e+01
19.420	1.703563e-01	1.077261e-01	8.163113e-03	2.167575e+01
19.430	1.668885e-01	1.054989e-01	8.163367e-03	2.173106e+01
19.440	1.634904e-01	1.033173e-01	8.163616e-03	2.178637e+01
19.450	1.601605e-01	1.011803e-01	8.163859e-03	2.184168e+01
19.460	1.568975e-01	9.908708e-02	8.164096e-03	2.189699e+01
19.470	1.537002e-01	9.703671e-02	8.164328e-03	2.195230e+01
19.480	1.505670e-01	9.502833e-02	8.164555e-03	2.200760e+01
19.490	1.474970e-01	9.306110e-02	8.164777e-03	2.206291e+01
19.500	1.444886e-01	9.113418e-02	8.164994e-03	2.211822e+01
19.510	1.415409e-01	8.924676e-02	8.165206e-03	2.217353e+01
19.520	1.386525e-01	8.739804e-02	8.165413e-03	2.222883e+01
19.530	1.358222e-01	8.558723e-02	8.165615e-03	2.228414e+01
19.540	1.330490e-01	8.381357e-02	8.165813e-03	2.233945e+01
19.550	1.303316e-01	8.207630e-02	8.166007e-03	2.239476e+01
19.560	1.276691e-01	8.037469e-02	8.166196e-03	2.245007e+01
19.570	1.250602e-01	7.870801e-02	8.166381e-03	2.250537e+01
19.580	1.225040e-01	7.707556e-02	8.166561e-03	2.256068e+01
19.590	1.199994e-01	7.547664e-02	8.166738e-03	2.261599e+01
19.600	1.175453e-01	7.391057e-02	8.166911e-03	2.267130e+01
19.610	1.151408e-01	7.237668e-02	8.167079e-03	2.272660e+01
19.620	1.127849e-01	7.087432e-02	8.167244e-03	2.278191e+01
19.630	1.104765e-01	6.940285e-02	8.167405e-03	2.283722e+01
19.640	1.082149e-01	6.796165e-02	8.167563e-03	2.289253e+01
19.650	1.059989e-01	6.655009e-02	8.167717e-03	2.294783e+01
19.660	1.038278e-01	6.516757e-02	8.167867e-03	2.300314e+01
19.670	1.017006e-01	6.381351e-02	8.168014e-03	2.305845e+01
19.680	9.961646e-02	6.248732e-02	8.168158e-03	2.311376e+01
19.690	9.757452e-02	6.118844e-02	8.168299e-03	2.316906e+01
19.700	9.557392e-02	5.991631e-02	8.168436e-03	2.322437e+01
19.710	9.361386e-02	5.867038e-02	8.168570e-03	2.327968e+01
19.720	9.169352e-02	5.745013e-02	8.168702e-03	2.333499e+01
19.730	8.981210e-02	5.625503e-02	8.168830e-03	2.339029e+01
19.740	8.796883e-02	5.508457e-02	8.168955e-03	2.344560e+01
19.750	8.616295e-02	5.393824e-02	8.169078e-03	2.350091e+01
19.760	8.439371e-02	5.281555e-02	8.169197e-03	2.355622e+01
19.770	8.266037e-02	5.171603e-02	8.169315e-03	2.361152e+01
19.780	8.096223e-02	5.063919e-02	8.169429e-03	2.366683e+01
19.790	7.929857e-02	4.958457e-02	8.169541e-03	2.372214e+01
19.800	7.766870e-02	4.855173e-02	8.169650e-03	2.377744e+01
19.810	7.607196e-02	4.754022e-02	8.169757e-03	2.383275e+01
19.820	7.450766e-02	4.654959e-02	8.169861e-03	2.388806e+01
19.830	7.297517e-02	4.557943e-02	8.169963e-03	2.394337e+01
19.840	7.147385e-02	4.462931e-02	8.170063e-03	2.399867e+01
19.850	7.000307e-02	4.369883e-02	8.170161e-03	2.405398e+01
19.860	6.856222e-02	4.278759e-02	8.170256e-03	2.410929e+01
19.870	6.715070e-02	4.189518e-02	8.170349e-03	2.416459e+01
19.880	6.576791e-02	4.102123e-02	8.170440e-03	2.421990e+01
19.890	6.441329e-02	4.016536e-02	8.170529e-03	2.427521e+01
19.900	6.308627e-02	3.932720e-02	8.170616e-03	2.433051e+01
19.910	6.178628e-02	3.850638e-02	8.170701e-03	2.438582e+01
19.920	6.051280e-02	3.770255e-02	8.170784e-03	2.444113e+01
19.930	5.926528e-02	3.691536e-02	8.170865e-03	2.449644e+01
19.940	5.804320e-02	3.614447e-02	8.170944e-03	2.455174e+01
19.950	5.684605e-02	3.538955e-02	8.171022e-03	2.460705e+01
19.960	5.567334e-02	3.465026e-02	8.171098e-03	2.466236e+01
19.970	5.452456e-02	3.392630e-02	8.171172e-03	2.471766e+01
19.980	5.339923e-02	3.321734e-02	8.171244e-03	2.477297e+01
19.990	5.229689e-02	3.252307e-02	8.171315e-03	2.482828e+01
20.000	5.121707e-02	3.184320e-02	8.171384e-03	2.488358e+01
20.010	5.015931e-02	3.117743e-02	8.171451e-03	2.493889e+01
20.020	4.912317e-02	3.052547e-02	8.171517e-03	2.499420e+01
20.030	4.810821e-02	2.988703e-02	8.171582e-03	2.504950e+01
20.040	4.711401e-02	2.926184e-02	8.171645e-03	2.510481e+01
20.050	4.614015e-02	2.864962e-02	8.171707e-03	2.516012e+01
20.060	4.518621e-02	2.805012e-02	8.171767e-03	2.521542e+01
20.070	4.425180e-02	2.746306e-02	8.171826e-03	2.527073e+01
20.080	4.333651e-02	2.688819e-02	8.171883e-03	2.532604e+01
20.090	4.243997e-02	2.632527e-02	8.171940e-03	2.538134e+01
20.100	4.156179e-02	2.577403e-02	8.171994e-03	2.543665e+01
20.110	4.070160e-02	2.523426e-02	8.172048e-03	2.549196e+01
20.120	3.985904e-02	2.470570e-02	8.172101e-03	2.554726e+01
20.130	3.903375e-02	2.418812e-02	8.172152e-03	2.560257e+01
20.140	3.822538e-02	2.368131e-02	8.172202e-03	2.565788e+01
20.150	3.743358e-02	2.318504e-02	8.172251e-03	2.571318e+01
20.160	3.665803e-02	2.269909e-02	8.172299e-03	2.576849e+01
20.170	3.589839e-02	2.222325e-02	8.172346e-03	2.582380e+01
20.180	3.515434e-02	2.175731e-02	8.172392e-03	2.587910e+01
20.190	3.442557e-02	2.130107e-02	8.172436e-03	2.593441e+01
20.200	3.371176e-02	2.085432e-02	8.172480e-03	2.598972e+01
20.210	3.301261e-02	2.041688e-02	8.172523e-03	2.604502e+01
20.220	3.232782e-02	1.998854e-02	8.172564e-03	2.610033e+01
20.230	3.165711e-02	1.956913e-02	8.172605e-03	2.615564e+01
20.240	3.100018e-02	1.915845e-02	8.172645e-03	2.621094e+01
20.250	3.035675e-02	1.875633e-02	8.172684e-03	2.626625e+01
20.260	2.972656e-02	1.836258e-02	8.172722e-03	2.632156e+01
20.270	2.910932e-02	1.797705e-02	8.172759e-03	2.637686e+01
20.280	2.850479e-02	1.759955e-02	8.172796e-03	2.643217e+01
20.290	2.791269e-02	1.722992e-02	8.172831e-03	2.648748e+01
20.300	2.733278e-02	1.686800e-02	8.172866e-03	2.654278e+01
20.310	2.676481e-02	1.651363e-02	8.172900e-03	2.659809e+01
20.320	2.620854e-02	1.616665e-02	8.172933e-03	2.665340e+01
20.330	2.566372e-02	1.582691e-02	8.172966e-03	2.670870e+01
20.340	2.513013e-02	1.549426e-02	8.172997e-03	2.676401e+01
20.350	2.460753e-02	1.516855e-02	8.173028e-03	2.681932e+01
20.360	2.409571e-02	1.484964e-02	8.173058e-03	2.687462e+01
20.370	2.359443e-02	1.453740e-02	8.173088e-03	2.692993e+01
20.380	2.310349e-02	1.423167e-02	8.173117e-03	2.698524e+01
20.390	2.262268e-02	1.393233e-02	8.173145e-03	2.704054e+01
20.400	2.215179e-02	1.363924e-02	8.173173e-03	2.709585e+01
20.410	2.169061e-02	1.335227e-02	8.173200e-03	2.715115e+01
20.420	2.123895e-02	1.307130e-02	8.173226e-03	2.720646e+01
20.430	2.079661e-02	1.279621e-02	8.173252e-03	2.726177e+01
20.440	2.036341e-02	1.252687e-02	8.173277e-03	2.731707e+01
20.450	1.993915e-02	1.226315e-02	8.173302e-03	2.737238e+01
20.460	1.952366e-02	1.200495e-02	8.173326e-03	2.742769e+01
20.470	1.911675e-02	1.175216e-02	8.173349e-03	2.748299e+01
20.480	1.871825e-02	1.150465e-02	8.173372e-03	2.753830e+01
20.490	1.832799e-02	1.126232e-02	8.173395e-03	2.759361e+01
20.500	1.794580e-02	1.102506e-02	8.173416e-03	2.764891e+01
20.510	1.757151e-02	1.079276e-02	8.173438e-03	2.770422e+01
20.520	1.720496e-02	1.056533e-02	8.173459e-03	2.775953e+01
20.530	1.684600e-02	1.034266e-02	8.173479e-03	2.781483e+01
20.540	1.649446e-02	1.012465e-02	8.173499e-03	2.787014e+01
20.550	1.615020e-02	9.911212e-03	8.173519e-03	2.792544e+01
20.560	1.581306e-02	9.702241e-03	8.173538e-03	2.798075e+01
20.570	1.548291e-02	9.497649e-03	8.173557e-03	2.803606e+01
20.580	1.515959e-02	9.297343e-03	8.173575e-03	2.809136e+01
20.590	1.484297e-02	9.101235e-03	8.173593e-03	2.814667e+01
20.600	1.453291e-02	8.909237e-03	8.173610e-03	2.820198e+01
20.610	1.422927e-02	8.721265e-03	8.173627e-03	2.825728e+01
20.620	1.393193e-02	8.537233e-03	8.173644e-03	2.831259e+01
20.630	1.364075e-02	8.357061e-03	8.173660e-03	2.836790e+01
20.640	1.335561e-02	8.180668e-03	8.173676e-03	2.842320e+01
20.650	1.307638e-02	8.007974e-03	8.173692e-03	2.847851e+01
20.660	1.280295e-02	7.838904e-03	8.173707e-03	2.853381e+01
20.670	1.253519e-02	7.673382e-03	8.173722e-03	2.858912e+01
20.680	1.227298e-02	7.511333e-03	8.173736e-03	2.864443e+01
20.690	1.201622e-02	7.352685e-03	8.173750e-03	2.869973e+01
20.700	1.176478e-02	7.197369e-03	8.173764e-03	2.875504e+01
20.710	1.151857e-02	7.045313e-03	8.173778e-03	2.881035e+01
20.720	1.127747e-02	6.896450e-03	8.173791e-03	2.886565e+01
20.730	1.104138e-02	6.750714e-03	8.173804e-03	2.892096e+01
20.740	1.081019e-02	6.608039e-03	8.173816e-03	2.897627e+01
20.750	1.058381e-02	6.468361e-03	8.173829e-03	2.903157e+01
20.760	1.036213e-02	6.331619e-03	8.173841e-03	2.908688e+01
20.770	1.014506e-02	6.197750e-03	8.173853e-03	2.914218e+01
20.780	9.932509e-03	6.066695e-03	8.173864e-03	2.919749e+01
20.790	9.724373e-03	5.938394e-03	8.173875e-03	2.925280e+01
20.800	9.520567e-03	5.812792e-03	8.173886e-03	2.930810e+01
20.810	9.321000e-03	5.689830e-03	8.173897e-03	2.936341e+01
20.820	9.125586e-03	5.569454e-03	8.173908e-03	2.941872e+01
20.830	8.934239e-03	5.451611e-03	8.173918e-03	2.947402e+01
20.840	8.746874e-03	5.336246e-03	8.173928e-03	2.952933e+01
20.850	8.563411e-03	5.223309e-03	8.173938e-03	2.958463e+01
20.860	8.383767e-03	5.112748e-03	8.173947e-03	2.963994e+01
20.870	8.207865e-03	5.004514e-03	8.173957e-03	2.969525e+01
20.880	8.035627e-03	4.898559e-03	8.173966e-03	2.975055e+01
20.890	7.866978e-03	4.794834e-03	8.173975e-03	2.980586e+01
20.900	7.701843e-03	4.693292e-03	8.173984e-03	2.986117e+01
20.910	7.540149e-03	4.593890e-03	8.173992e-03	2.991647e+01
20.920	7.381826e-03	4.496580e-03	8.174001e-03	2.997178e+01
20.930	7.226805e-03	4.401321e-03	8.174009e-03	3.002708e+01
20.940	7.075015e-03	4.308068e-03	8.174017e-03	3.008239e+01
20.950	6.926392e-03	4.216780e-03	8.174024e-03	3.013770e+01
20.960	6.780869e-03	4.127416e-03	8.174032e-03	3.019300e+01
20.970	6.638382e-03	4.039935e-03	8.174040e-03	3.024831e+01
20.980	6.498868e-03	3.954298e-03	8.174047e-03	3.030362e+01
20.990	6.362267e-03	3.870467e-03	8.174054e-03	3.035892e+01
21.000	6.228517e-03	3.788403e-03	8.174061e-03	3.041423e+01
21.010	6.097559e-03	3.708070e-03	8.174068e-03	3.046953e+01
21.020	5.969336e-03	3.629431e-03	8.174074e-03	3.052484e+01
21.030	5.843791e-03	3.552451e-03	8.174081e-03	3.058015e+01
21.040	5.720869e-03	3.477094e-03	8.174087e-03	3.063545e+01
21.050	5.600515e-03	3.403328e-03	8.174093e-03	3.069076e+01
21.060	5.482676e-03	3.331118e-03	8.174099e-03	3.074607e+01
21.070	5.367300e-03	3.260432e-03	8.174105e-03	3.080137e+01
21.080	5.254335e-03	3.191238e-03	8.174111e-03	3.085668e+01
21.090	5.143733e-03	3.123505e-03	8.174117e-03	3.091198e+01
21.100	5.035443e-03	3.057202e-03	8.174122e-03	3.096729e+01
21.110	4.929418e-03	2.992299e-03	8.174128e-03	3.102260e+01
21.120	4.825611e-03	2.928767e-03	8.174133e-03	3.107790e+01
21.130	4.723975e-03	2.866576e-03	8.174138e-03	3.113321e+01
21.140	4.624466e-03	2.805700e-03	8.174143e-03	3.118852e+01
21.150	4.527040e-03	2.746109e-03	8.174148e-03	3.124382e+01
21.160	4.431653e-03	2.687777e-03	8.174153e-03	3.129913e+01
21.170	4.338263e-03	2.630679e-03	8.174157e-03	3.135443e+01
21.180	4.246828e-03	2.574787e-03	8.174162e-03	3.140974e+01
21.190	4.157308e-03	2.520076e-03	8.174166e-03	3.146505e+01
21.200	4.069663e-03	2.466522e-03	8.174171e-03	3.152035e+01
21.210	3.983854e-03	2.414100e-03	8.174175e-03	3.157566e+01
21.220	3.899843e-03	2.362787e-03	8.174179e-03	3.163096e+01
21.230	3.817593e-03	2.312559e-03	8.174183e-03	3.168627e+01
21.240	3.737066e-03	2.263394e-03	8.174187e-03	3.174158e+01
21.250	3.658227e-03	2.215268e-03	8.174191e-03	3.179688e+01
21.260	3.581041e-03	2.168161e-03	8.174195e-03	3.185219e+01
21.270	3.505474e-03	2.122050e-03	8.174199e-03	3.190750e+01
21.280	3.431491e-03	2.076915e-03	8.174203e-03	3.196280e+01
21.290	3.359060e-03	2.032736e-03	8.174206e-03	3.201811e+01
21.300	3.288149e-03	1.989491e-03	8.174210e-03	3.207341e+01
21.310	3.218725e-03	1.947162e-03	8.174213e-03	3.212872e+01
21.320	3.150759e-03	1.905729e-03	8.174216e-03	3.218403e+01
21.330	3.084218e-03	1.865174e-03	8.174220e-03	3.223933e+01
21.340	3.019075e-03	1.825477e-03	8.174223e-03	3.229464e+01
21.350	2.955299e-03	1.786622e-03	8.174226e-03	3.234995e+01
21.360	2.892862e-03	1.748589e-03	8.174229e-03	3.240525e+01
21.370	2.831736e-03	1.711362e-03	8.174232e-03	3.246056e+01
21.380	2.771895e-03	1.674924e-03	8.174235e-03	3.251586e+01
21.390	2.713310e-03	1.639258e-03	8.174238e-03	3.257117e+01
21.400	2.655956e-03	1.604347e-03	8.174240e-03	3.262648e+01
21.410	2.599808e-03	1.570177e-03	8.174243e-03	3.268178e+01
21.420	2.544839e-03	1.536731e-03	8.174246e-03	3.273709e+01
21.430	2.491026e-03	1.503994e-03	8.174248e-03	3.279240e+01
21.440	2.438344e-03	1.471951e-03	8.174251e-03	3.284770e+01
21.450	2.386770e-03	1.440588e-03	8.174253e-03	3.290301e+01
21.460	2.336280e-03	1.409890e-03	8.174256e-03	3.295831e+01
21.470	2.286853e-03	1.379843e-03	8.174258e-03	3.301362e+01
21.480	2.238465e-03	1.350433e-03	8.174260e-03	3.306893e+01
21.490	2.191095e-03	1.321647e-03	8.174263e-03	3.312423e+01
21.500	2.144721e-03	1.293472e-03	8.174265e-03	3.317954e+01
21.510	2.099324e-03	1.265895e-03	8.174267e-03	3.323484e+01
21.520	2.054882e-03	1.238903e-03	8.174269e-03	3.329015e+01
21.530	2.011375e-03	1.212484e-03	8.174271e-03	3.334546e+01
21.540	1.968785e-03	1.186626e-03	8.174273e-03	3.340076e+01
21.550	1.927091e-03	1.161317e-03	8.174275e-03	3.345607e+01
21.560	1.886275e-03	1.136545e-03	8.174277e-03	3.351138e+01
21.570	1.846319e-03	1.112299e-03	8.174279e-03	3.356668e+01
21.580	1.807205e-03	1.088569e-03	8.174281e-03	3.362199e+01
21.590	1.768914e-03	1.065342e-03	8.174282e-03	3.367729e+01
21.600	1.731431e-03	1.042608e-03	8.174284e-03	3.373260e+01
21.610	1.694737e-03	1.020358e-03	8.174286e-03	3.378791e+01
21.620	1.658817e-03	9.985799e-04	8.174288e-03	3.384321e+01
21.630	1.623654e-03	9.772648e-04	8.174289e-03	3.389852e+01
21.640	1.589232e-03	9.564028e-04	8.174291e-03	3.395382e+01
21.650	1.555536e-03	9.359841e-04	8.174292e-03	3.400913e+01
21.660	1.522550e-03	9.159994e-04	8.174294e-03	3.406444e+01
21.670	1.490261e-03	8.964396e-04	8.174295e-03	3.411974e+01
21.680	1.458652e-03	8.772956e-04	8.174297e-03	3.417505e+01
21.690	1.427710e-03	8.585587e-04	8.174298e-03	3.423036e+01
21.700	1.397421e-03	8.402202e-04	8.174300e-03	3.428566e+01
21.710	1.367771e-03	8.222718e-04	8.174301e-03	3.434097e+01
21.720	1.338747e-03	8.047051e-04	8.174302e-03	3.439627e+01
21.730	1.310336e-03	7.875120e-04	8.174304e-03	3.445158e+01
21.740	1.282524e-03	7.706848e-04	8.174305e-03	3.450689e+01
21.750	1.255300e-03	7.542155e-04	8.174306e-03	3.456219e+01
21.760	1.228651e-03	7.380967e-04	8.174307e-03	3.461750e+01
21.770	1.202564e-03	7.223210e-04	8.174309e-03	3.467281e+01
21.780	1.177028e-03	7.068810e-04	8.174310e-03	3.472811e+01
21.790	1.152032e-03	6.917696e-04	8.174311e-03	3.478342e+01
21.800	1.127564e-03	6.769799e-04	8.174312e-03	3.483872e+01
21.810	1.103612e-03	6.625051e-04	8.174313e-03	3.489403e+01
21.820	1.080167e-03	6.483385e-04	8.174314e-03	3.494934e+01
21.830	1.057218e-03	6.344736e-04	8.174315e-03	3.500464e+01
21.840	1.034754e-03	6.209039e-04	8.174316e-03	3.505995e+01
21.850	1.012764e-03	6.076233e-04	8.174317e-03	3.511525e+01
21.860	9.912395e-04	5.946255e-04	8.174318e-03	3.517056e+01
21.870	9.701701e-04	5.819046e-04	8.174319e-03	3.522587e+01
21.880	9.495463e-04	5.694548e-04	8.174320e-03	3.528117e+01
21.890	9.293588e-04	5.572702e-04	8.174321e-03	3.533648e+01
21.900	9.095982e-04	5.453453e-04	8.174322e-03	3.539179e+01
21.910	8.902558e-04	5.336745e-04	8.174322e-03	3.544709e+01
21.920	8.713226e-04	5.222525e-04	8.174323e-03	3.550240e+01
21.930	8.527901e-04	5.110740e-04	8.174324e-03	3.555770e+01
21.940	8.346498e-04	5.001337e-04	8.174325e-03	3.561301e+01
21.950	8.168935e-04	4.894267e-04	8.174326e-03	3.566832e+01
21.960	7.995131e-04	4.789480e-04	8.174326e-03	3.572362e+01
21.970	7.825007e-04	4.686928e-04	8.174327e-03	3.577893e+01
21.980	7.658485e-04	4.586563e-04	8.174328e-03	3.583423e+01
21.990	7.495490e-04	4.488338e-04	8.174329e-03	3.588954e+01
22.000	7.335947e-04	4.392209e-04	8.174329e-03	3.594485e+01
22.010	7.179783e-04	4.298130e-04	8.174330e-03	3.600015e+01
22.020	7.026928e-04	4.206059e-04	8.174331e-03	3.605546e+01
22.030	6.877311e-04	4.115952e-04	8.174331e-03	3.611077e+01
22.040	6.730865e-04	4.027768e-04	8.174332e-03	3.616607e+01
22.050	6.587523e-04	3.941466e-04	8.174333e-03	3.622138e+01
22.060	6.447219e-04	3.857005e-04	8.174333e-03	3.627668e+01
22.070	6.309889e-04	3.774348e-04	8.174334e-03	3.633199e+01
22.080	6.175470e-04	3.693455e-04	8.174334e-03	3.638730e+01
22.090	6.043901e-04	3.614290e-04	8.174335e-03	3.644260e+01
22.100	5.915123e-04	3.536814e-04	8.174336e-03	3.649791e+01
22.110	5.789075e-04	3.460993e-04	8.174336e-03	3.655322e+01
22.120	5.665701e-04	3.386791e-04	8.174337e-03	3.660852e+01
22.130	5.544944e-04	3.314174e-04	8.174337e-03	3.666383e+01
22.140	5.426749e-04	3.243108e-04	8.174338e-03	3.671913e+01
22.150	5.311062e-04	3.173561e-04	8.174338e-03	3.677444e+01
22.160	5.197830e-04	3.105499e-04	8.174339e-03	3.682975e+01
22.170	5.087000e-04	3.038891e-04	8.174339e-03	3.688505e+01
22.180	4.978524e-04	2.973706e-04	8.174339e-03	3.694036e+01
22.190	4.872349e-04	2.909915e-04	8.174340e-03	3.699566e+01
22.200	4.768429e-04	2.847486e-04	8.174340e-03	3.705097e+01
22.210	4.666715e-04	2.786392e-04	8.174341e-03	3.710628e+01
22.220	4.567161e-04	2.726604e-04	8.174341e-03	3.716158e+01
22.230	4.469722e-04	2.668094e-04	8.174342e-03	3.721689e+01
22.240	4.374352e-04	2.610835e-04	8.174342e-03	3.727219e+01
22.250	4.281007e-04	2.554801e-04	8.174342e-03	3.732750e+01
22.260	4.189646e-04	2.499964e-04	8.174343e-03	3.738281e+01
22.270	4.100226e-04	2.446301e-04	8.174343e-03	3.743811e+01
22.280	4.012706e-04	2.393784e-04	8.174343e-03	3.749342e+01
22.290	3.927046e-04	2.342392e-04	8.174344e-03	3.754873e+01
22.300	3.843206e-04	2.292098e-04	8.174344e-03	3.760403e+01
22.310	3.761148e-04	2.242881e-04	8.174345e-03	3.765934e+01
22.320	3.680835e-04	2.194716e-04	8.174345e-03	3.771464e+01
22.330	3.602229e-04	2.147583e-04	8.174345e-03	3.776995e+01
22.340	3.525295e-04	2.101457e-04	8.174346e-03	3.782526e+01
22.350	3.449997e-04	2.056319e-04	8.174346e-03	3.788056e+01
22.360	3.376300e-04	2.012147e-04	8.174346e-03	3.793587e+01
22.370	3.304170e-04	1.968921e-04	8.174346e-03	3.799117e+01
22.380	3.233575e-04	1.926619e-04	8.174347e-03	3.804648e+01
22.390	3.164482e-04	1.885224e-04	8.174347e-03	3.810179e+01
22.400	3.096859e-04	1.844714e-04	8.174347e-03	3.815709e+01
22.410	3.030674e-04	1.805073e-04	8.174348e-03	3.821240e+01
22.420	2.965899e-04	1.766279e-04	8.174348e-03	3.826771e+01
22.430	2.902501e-04	1.728317e-04	8.174348e-03	3.832301e+01
22.440	2.840454e-04	1.691168e-04	8.174348e-03	3.837832e+01
22.450	2.779727e-04	1.654815e-04	8.174349e-03	3.843362e+01
22.460	2.720293e-04	1.619240e-04	8.174349e-03	3.848893e+01
22.470	2.662124e-04	1.584427e-04	8.174349e-03	3.854424e+01
22.480	2.605194e-04	1.550360e-04	8.174349e-03	3.859954e+01
22.490	2.549477e-04	1.517024e-04	8.174350e-03	3.865485e+01
22.500	2.494946e-04	1.484401e-04	8.174350e-03	3.871016e+01
22.510	2.441577e-04	1.452478e-04	8.174350e-03	3.876546e+01
22.520	2.389344e-04	1.421239e-04	8.174350e-03	3.882077e+01
22.530	2.338225e-04	1.390669e-04	8.174350e-03	3.887607e+01
22.540	2.288194e-04	1.360755e-04	8.174351e-03	3.893138e+01
22.550	2.239230e-04	1.331482e-04	8.174351e-03	3.898669e+01
22.560	2.191310e-04	1.302837e-04	8.174351e-03	3.904199e+01
22.570	2.144410e-04	1.274805e-04	8.174351e-03	3.909730e+01
22.580	2.098511e-04	1.247375e-04	8.174351e-03	3.915260e+01
22.590	2.053589e-04	1.220534e-04	8.174351e-03	3.920791e+01
22.600	2.009626e-04	1.194267e-04	8.174352e-03	3.926322e+01
22.610	1.966600e-04	1.168565e-04	8.174352e-03	3.931852e+01
22.620	1.924492e-04	1.143413e-04	8.174352e-03	3.937383e+01
22.630	1.883281e-04	1.118801e-04	8.174352e-03	3.942913e+01
22.640	1.842950e-04	1.094717e-04	8.174352e-03	3.948444e+01
22.650	1.803479e-04	1.071150e-04	8.174352e-03	3.953975e+01
22.660	1.764849e-04	1.048089e-04	8.174353e-03	3.959505e+01
22.670	1.727044e-04	1.025522e-04	8.174353e-03	3.965036e+01
22.680	1.690046e-04	1.003440e-04	8.174353e-03	3.970567e+01
22.690	1.653837e-04	9.818313e-05	8.174353e-03	3.976097e+01
22.700	1.618401e-04	9.606867e-05	8.174353e-03	3.981628e+01
22.710	1.583721e-04	9.399961e-05	8.174353e-03	3.987158e+01
22.720	1.549782e-04	9.197496e-05	8.174353e-03	3.992689e+01
22.730	1.516567e-04	8.999378e-05	8.174354e-03	3.998220e+01
22.740	1.484061e-04	8.805513e-05	8.174354e-03	4.003750e+01
22.750	1.452249e-04	8.615812e-05	8.174354e-03	4.009281e+01
22.760	1.421117e-04	8.430184e-05	8.174354e-03	4.014811e+01
22.770	1.390649e-04	8.248543e-05	8.174354e-03	4.020342e+01
22.780	1.360832e-04	8.070803e-05	8.174354e-03	4.025873e+01
22.790	1.331652e-04	7.896880e-05	8.174354e-03	4.031403e+01
22.800	1.303095e-04	7.726694e-05	8.174354e-03	4.036934e+01
22.810	1.275149e-04	7.560164e-05	8.174355e-03	4.042465e+01
22.820	1.247799e-04	7.397212e-05	8.174355e-03	4.047995e+01
22.830	1.221034e-04	7.237761e-05	8.174355e-03	4.053526e+01
22.840	1.194841e-04	7.081736e-05	8.174355e-03	4.059056e+01
22.850	1.169207e-04	6.929064e-05	8.174355e-03	4.064587e+01
22.860	1.144122e-04	6.779674e-05	8.174355e-03	4.070118e+01
22.870	1.119572e-04	6.633494e-05	8.174355e-03	4.075648e+01
22.880	1.095548e-04	6.490456e-05	8.174355e-03	4.081179e+01
22.890	1.072037e-04	6.350493e-05	8.174355e-03	4.086710e+01
22.900	1.049029e-04	6.213539e-05	8.174355e-03	4.092240e+01
22.910	1.026512e-04	6.079529e-05	8.174356e-03	4.097771e+01
22.920	1.004478e-04	5.948401e-05	8.174356e-03	4.103301e+01
22.930	9.829142e-05	5.820092e-05	8.174356e-03	4.108832e+01
22.940	9.618120e-05	5.694543e-05	8.174356e-03	4.114363e+01
22.950	9.411612e-05	5.571693e-05	8.174356e-03	4.119893e+01
22.960	9.209521e-05	5.451486e-05	8.174356e-03	4.125424e+01
22.970	9.011754e-05	5.333865e-05	8.174356e-03	4.130954e+01
22.980	8.818219e-05	5.218773e-05	8.174356e-03	4.136485e+01
22.990	8.628826e-05	5.106157e-05	8.174356e-03	4.142016e+01
23.000	8.443485e-05	4.995964e-05	8.174356e-03	4.147546e+01
