# Interaction rate with the cosmic infrared and optical background radiation model of Stecker at al. 2005
# log10(E/eV)	1/lambda_PP [1/Mpc]	1/lambda_ICS [1/Mpc]	1/lambda_DPP [1/Mpc]	1/lambda_TPP [1/Mpc]
12.750	9.318742e-03	4.756392e-01	3.364850e-08	7.765232e-05
12.760	9.436446e-03	4.111015e-01	3.464064e-08	7.933880e-05
12.770	9.555893e-03	4.213492e-01	3.563698e-08	8.101996e-05
12.780	9.677344e-03	4.310739e-01	3.665223e-08	8.273246e-05
12.790	9.801412e-03	4.398389e-01	3.774246e-08	8.454660e-05
12.800	9.928004e-03	4.490059e-01	3.880020e-08	8.631155e-05
12.810	1.005735e-02	4.585591e-01	3.990248e-08	8.813062e-05
12.820	1.018844e-02	4.685342e-01	4.099636e-08	8.994106e-05
12.830	1.032228e-02	4.781728e-01	4.217012e-08	9.185958e-05
12.840	1.045856e-02	4.879060e-01	4.331323e-08	9.373435e-05
12.850	1.059819e-02	4.656718e-01	4.447137e-08	9.565477e-05
12.860	1.074017e-02	4.758782e-01	4.567167e-08	9.757049e-05
12.870	1.088472e-02	4.864912e-01	4.687276e-08	9.951940e-05
12.880	1.103238e-02	4.967987e-01	4.815248e-08	1.015763e-04
12.890	1.118323e-02	5.067760e-01	4.939954e-08	1.035851e-04
12.900	1.133753e-02	5.171470e-01	5.069342e-08	1.056514e-04
12.910	1.149488e-02	5.279783e-01	5.197741e-08	1.077068e-04
12.920	1.165548e-02	5.376405e-01	5.334488e-08	1.098800e-04
12.930	1.181962e-02	4.707349e-01	5.468203e-08	1.120081e-04
12.940	1.198790e-02	4.807434e-01	5.603473e-08	1.141848e-04
12.950	1.216047e-02	4.912067e-01	5.743108e-08	1.163581e-04
12.960	1.233691e-02	5.019731e-01	5.882773e-08	1.185679e-04
12.970	1.251748e-02	5.131347e-01	6.030668e-08	1.208918e-04
12.980	1.270248e-02	5.234811e-01	6.175287e-08	1.231701e-04
12.990	1.289218e-02	5.336298e-01	6.324774e-08	1.255085e-04
13.000	1.308780e-02	5.187277e-01	6.473119e-08	1.278341e-04
13.010	1.328762e-02	5.294058e-01	6.630146e-08	1.302902e-04
13.020	1.349293e-02	5.404795e-01	6.784184e-08	1.326994e-04
13.030	1.370369e-02	5.508239e-01	6.939845e-08	1.351335e-04
13.040	1.392162e-02	5.605423e-01	7.099986e-08	1.376208e-04
13.050	1.414587e-02	5.706745e-01	7.260063e-08	1.401207e-04
13.060	1.437728e-02	5.812508e-01	7.428751e-08	1.427426e-04
13.070	1.461507e-02	5.177331e-01	7.594161e-08	1.453216e-04
13.080	1.486074e-02	5.278881e-01	7.764653e-08	1.479672e-04
13.090	1.511609e-02	5.381269e-01	7.933789e-08	1.505969e-04
13.100	1.538065e-02	5.488012e-01	8.111919e-08	1.533673e-04
13.110	1.565501e-02	5.595639e-01	8.287127e-08	1.560940e-04
13.120	1.593806e-02	5.706023e-01	8.464054e-08	1.588489e-04
13.130	1.623309e-02	5.510370e-01	8.645555e-08	1.616608e-04
13.140	1.653903e-02	5.615525e-01	8.826871e-08	1.644880e-04
13.150	1.686004e-02	5.713864e-01	9.017211e-08	1.674477e-04
13.160	1.719124e-02	5.813182e-01	9.204291e-08	1.703676e-04
13.170	1.753644e-02	5.916579e-01	9.396655e-08	1.733619e-04
13.180	1.789710e-02	5.313743e-01	9.587470e-08	1.763376e-04
13.190	1.827529e-02	5.418701e-01	9.787584e-08	1.794647e-04
13.200	1.867077e-02	5.527628e-01	9.984873e-08	1.825528e-04
13.210	1.908216e-02	5.638777e-01	1.018403e-07	1.856745e-04
13.220	1.951295e-02	5.739024e-01	1.038784e-07	1.888586e-04
13.230	1.996308e-02	5.603796e-01	1.059133e-07	1.920595e-04
13.240	2.043958e-02	5.702444e-01	1.080430e-07	1.954053e-04
13.250	2.093621e-02	5.803999e-01	1.101406e-07	1.987144e-04
13.260	2.145768e-02	5.904432e-01	1.122937e-07	2.021085e-04
13.270	2.200473e-02	6.006046e-01	1.144292e-07	2.054813e-04
13.280	2.258209e-02	5.441709e-01	1.166608e-07	2.090169e-04
13.290	2.318926e-02	5.551353e-01	1.188656e-07	2.125193e-04
13.300	2.382726e-02	5.647416e-01	1.210913e-07	2.160634e-04
13.310	2.449692e-02	5.742107e-01	1.233648e-07	2.196761e-04
13.320	2.520048e-02	5.566089e-01	1.256337e-07	2.233073e-04
13.330	2.594680e-02	5.667549e-01	1.280025e-07	2.270973e-04
13.340	2.673015e-02	5.764191e-01	1.303405e-07	2.308544e-04
13.350	2.755523e-02	5.864625e-01	1.327369e-07	2.347093e-04
13.360	2.842090e-02	5.963008e-01	1.351146e-07	2.385415e-04
13.370	2.933592e-02	5.426206e-01	1.375916e-07	2.425518e-04
13.380	3.029850e-02	5.519979e-01	1.400438e-07	2.465316e-04
13.390	3.131446e-02	5.615710e-01	1.425204e-07	2.505632e-04
13.400	3.237804e-02	5.710896e-01	1.450465e-07	2.546738e-04
13.410	3.349589e-02	5.601877e-01	1.475670e-07	2.588047e-04
13.420	3.467922e-02	5.699786e-01	1.501932e-07	2.631099e-04
13.430	3.592330e-02	5.793944e-01	1.527907e-07	2.673874e-04
13.440	3.723339e-02	5.888993e-01	1.554504e-07	2.717783e-04
13.450	3.860364e-02	5.378457e-01	1.580912e-07	2.761475e-04
13.460	4.004988e-02	5.469496e-01	1.608348e-07	2.807107e-04
13.470	4.156862e-02	5.564289e-01	1.635566e-07	2.852498e-04
13.480	4.317106e-02	5.657029e-01	1.663074e-07	2.898527e-04
13.490	4.484461e-02	5.501308e-01	1.691104e-07	2.945491e-04
13.500	4.659841e-02	5.594929e-01	1.719077e-07	2.992683e-04
13.510	4.843874e-02	5.682343e-01	1.748174e-07	3.041831e-04
13.520	5.037227e-02	5.197619e-01	1.777014e-07	3.090829e-04
13.530	5.239603e-02	5.289028e-01	1.806523e-07	3.141094e-04
13.540	5.450841e-02	5.379972e-01	1.835859e-07	3.191258e-04
13.550	5.670923e-02	5.466047e-01	1.866265e-07	3.243493e-04
13.560	5.900573e-02	5.370561e-01	1.896491e-07	3.295648e-04
13.570	6.141808e-02	5.458667e-01	1.927070e-07	3.348631e-04
13.580	6.392737e-02	5.539765e-01	1.958209e-07	3.402726e-04
13.590	6.654485e-02	5.085359e-01	1.989300e-07	3.457142e-04
13.600	6.925238e-02	5.172148e-01	2.021591e-07	3.513712e-04
13.610	7.208975e-02	5.254567e-01	2.053669e-07	3.570414e-04
13.620	7.503898e-02	5.338006e-01	2.086478e-07	3.628616e-04
13.630	7.810875e-02	5.201634e-01	2.119145e-07	3.686870e-04
13.640	8.127505e-02	5.280201e-01	2.152930e-07	3.747438e-04
13.650	8.455393e-02	5.361571e-01	2.186589e-07	3.808078e-04
13.660	8.795933e-02	4.930978e-01	2.220678e-07	3.869964e-04
13.670	9.149054e-02	5.010147e-01	2.255382e-07	3.933295e-04
13.680	9.514061e-02	5.091591e-01	2.290065e-07	3.997140e-04
13.690	9.888395e-02	5.006380e-01	2.326032e-07	4.063523e-04
13.700	1.027425e-01	5.082599e-01	2.361850e-07	4.130232e-04
13.710	1.067135e-01	5.159096e-01	2.398471e-07	4.199015e-04
13.720	1.108244e-01	4.749341e-01	2.435010e-07	4.268187e-04
13.730	1.150287e-01	4.825447e-01	2.472728e-07	4.340052e-04
13.740	1.193485e-01	4.902825e-01	2.510390e-07	4.412287e-04
13.750	1.237478e-01	4.780296e-01	2.548579e-07	4.486241e-04
13.760	1.282968e-01	4.854244e-01	2.587463e-07	4.562416e-04
13.770	1.329537e-01	4.924140e-01	2.626372e-07	4.639466e-04
13.780	1.377024e-01	4.536548e-01	2.666667e-07	4.719602e-04
13.790	1.425261e-01	4.610423e-01	2.706897e-07	4.800499e-04
13.800	1.474407e-01	4.685220e-01	2.748026e-07	4.884131e-04
13.810	1.524774e-01	4.606893e-01	2.789170e-07	4.969013e-04
13.820	1.576004e-01	4.673423e-01	2.831572e-07	5.057253e-04
13.830	1.628129e-01	4.740483e-01	2.874016e-07	5.146522e-04
13.840	1.680459e-01	4.374104e-01	2.917109e-07	5.238202e-04
13.850	1.733818e-01	4.444274e-01	2.961016e-07	5.332939e-04
13.860	1.787848e-01	4.513610e-01	3.005033e-07	5.429613e-04
13.870	1.842609e-01	4.398165e-01	3.050572e-07	5.530248e-04
13.880	1.897572e-01	4.461950e-01	3.096164e-07	5.632444e-04
13.890	1.953027e-01	4.525803e-01	3.142779e-07	5.738370e-04
13.900	2.008805e-01	4.180605e-01	3.189577e-07	5.846845e-04
13.910	2.064631e-01	4.248949e-01	3.237753e-07	5.959965e-04
13.920	2.121610e-01	4.308231e-01	3.286122e-07	6.075055e-04
13.930	2.175972e-01	4.235180e-01	3.335304e-07	6.193728e-04
13.940	2.232905e-01	4.295983e-01	3.385482e-07	6.316689e-04
13.950	2.273393e-01	4.355696e-01	3.435918e-07	6.443176e-04
13.960	2.331125e-01	4.032436e-01	3.488091e-07	6.575164e-04
13.970	2.388566e-01	4.088884e-01	3.540490e-07	6.710064e-04
13.980	2.434181e-01	3.986491e-01	3.594106e-07	6.850263e-04
13.990	2.491168e-01	4.044565e-01	3.648169e-07	6.994492e-04
14.000	2.507536e-01	4.101298e-01	3.703819e-07	7.145398e-04
14.010	2.565506e-01	3.794511e-01	3.759912e-07	7.299981e-04
14.020	2.604315e-01	3.848833e-01	3.817065e-07	7.459744e-04
14.030	2.661248e-01	3.901762e-01	3.875506e-07	7.625727e-04
14.040	2.648836e-01	3.837534e-01	3.934458e-07	7.797488e-04
14.050	2.706276e-01	3.890950e-01	3.995517e-07	7.977385e-04
14.060	2.763057e-01	3.599458e-01	4.057089e-07	8.161749e-04
14.070	2.785135e-01	3.650817e-01	4.120191e-07	8.353324e-04
14.080	2.840507e-01	3.700624e-01	4.184171e-07	8.551304e-04
14.090	2.800669e-01	3.609543e-01	4.250105e-07	8.758459e-04
14.100	2.857041e-01	3.660286e-01	4.316910e-07	8.972240e-04
14.110	2.875985e-01	3.712397e-01	4.385190e-07	9.192864e-04
14.120	2.930641e-01	3.432762e-01	4.455225e-07	9.422218e-04
14.130	2.863442e-01	3.480133e-01	4.526204e-07	9.660032e-04
14.140	2.918466e-01	3.422173e-01	4.599927e-07	9.908618e-04
14.150	2.972593e-01	3.469893e-01	4.674653e-07	1.016511e-03
14.160	2.970740e-01	3.518582e-01	4.751460e-07	1.043043e-03
14.170	3.022826e-01	3.253252e-01	4.829805e-07	1.070466e-03
14.180	2.933042e-01	3.297723e-01	4.910117e-07	1.099014e-03
14.190	2.986199e-01	3.216620e-01	4.993268e-07	1.128848e-03
14.200	2.987246e-01	3.261947e-01	5.077992e-07	1.159586e-03
14.210	3.038281e-01	3.307138e-01	5.165215e-07	1.191280e-03
14.220	2.927301e-01	3.056522e-01	5.254104e-07	1.224100e-03
14.230	2.978601e-01	3.098679e-01	5.346778e-07	1.258368e-03
14.240	3.028880e-01	3.046365e-01	5.441285e-07	1.293769e-03
14.250	3.008362e-01	3.088722e-01	5.538803e-07	1.330413e-03
14.260	3.056216e-01	3.130451e-01	5.638859e-07	1.367978e-03
14.270	2.929831e-01	2.893414e-01	5.741934e-07	1.406988e-03
14.280	2.978848e-01	2.932993e-01	5.848977e-07	1.447629e-03
14.290	2.966086e-01	2.859347e-01	5.958807e-07	1.489483e-03
14.300	3.012789e-01	2.899278e-01	6.072287e-07	1.532687e-03
14.310	2.872352e-01	2.938103e-01	6.188614e-07	1.576957e-03
14.320	2.919262e-01	2.714382e-01	6.310237e-07	1.622999e-03
14.330	2.965111e-01	2.751673e-01	6.435059e-07	1.670561e-03
14.340	2.930688e-01	2.704709e-01	6.564382e-07	1.719750e-03
14.350	2.973952e-01	2.741938e-01	6.697708e-07	1.770082e-03
14.360	2.825072e-01	2.776720e-01	6.835638e-07	1.821682e-03
14.370	2.869542e-01	2.566189e-01	6.979198e-07	1.875279e-03
14.380	2.847318e-01	2.600873e-01	7.127434e-07	1.930458e-03
14.390	2.889437e-01	2.535868e-01	7.281028e-07	1.987322e-03
14.400	2.732846e-01	2.570426e-01	7.439271e-07	2.045392e-03
14.410	2.775104e-01	2.602440e-01	7.604792e-07	2.105025e-03
14.420	2.816321e-01	2.404828e-01	7.775577e-07	2.166433e-03
14.430	2.774242e-01	2.437447e-01	7.953019e-07	2.229736e-03
14.440	2.812846e-01	2.395130e-01	8.136526e-07	2.294491e-03
14.450	2.653483e-01	2.426785e-01	8.326809e-07	2.360652e-03
14.460	2.693321e-01	2.239994e-01	8.524985e-07	2.427733e-03
14.470	2.665391e-01	2.270157e-01	8.730386e-07	2.497483e-03
14.480	2.702945e-01	2.300269e-01	8.943557e-07	2.569241e-03
14.490	2.540893e-01	2.242039e-01	9.163920e-07	2.641142e-03
14.500	2.578543e-01	2.271273e-01	9.393883e-07	2.715625e-03
14.510	2.615210e-01	2.095373e-01	9.631890e-07	2.785423e-03
14.520	2.568603e-01	2.123722e-01	9.879358e-07	2.863752e-03
14.530	2.602744e-01	2.151633e-01	1.013563e-06	2.943823e-03
14.540	2.442113e-01	2.113977e-01	1.040139e-06	3.021964e-03
14.550	2.477465e-01	2.140323e-01	1.067790e-06	3.104968e-03
14.560	2.446770e-01	1.975552e-01	1.096452e-06	3.173846e-03
14.570	2.479969e-01	2.001767e-01	1.126207e-06	3.260882e-03
14.580	2.320235e-01	1.950243e-01	1.157004e-06	3.340083e-03
14.590	2.353476e-01	1.975893e-01	1.189005e-06	3.430373e-03
14.600	2.385813e-01	1.999764e-01	1.222139e-06	3.521784e-03
14.610	2.338853e-01	1.845666e-01	1.256531e-06	3.586270e-03
14.620	2.368803e-01	1.870160e-01	1.292131e-06	3.682288e-03
14.630	2.213294e-01	1.836765e-01	1.328975e-06	3.767732e-03
14.640	2.244419e-01	1.860154e-01	1.367240e-06	3.866526e-03
14.650	2.213076e-01	1.881494e-01	1.406757e-06	3.966496e-03
14.660	2.242217e-01	1.737258e-01	1.447751e-06	4.023986e-03
14.670	2.090015e-01	1.759610e-01	1.490038e-06	4.128540e-03
14.680	2.119169e-01	1.713665e-01	1.533875e-06	4.212256e-03
14.690	2.147503e-01	1.734984e-01	1.579183e-06	4.319850e-03
14.700	2.101272e-01	1.599134e-01	1.625965e-06	4.365544e-03
14.710	2.127409e-01	1.620477e-01	1.674370e-06	4.477964e-03
14.720	1.981150e-01	1.641037e-01	1.723919e-06	4.591563e-03
14.730	2.008393e-01	1.610998e-01	1.775674e-06	4.682140e-03
14.740	1.977843e-01	1.629970e-01	1.828583e-06	4.798312e-03
14.750	2.003285e-01	1.503111e-01	1.883599e-06	4.833334e-03
14.760	1.861758e-01	1.522502e-01	1.939043e-06	4.954270e-03
14.770	1.887184e-01	1.482461e-01	1.997465e-06	5.037964e-03
14.780	1.911870e-01	1.501306e-01	2.057645e-06	5.162296e-03
14.790	1.868687e-01	1.518355e-01	2.118812e-06	5.286992e-03
14.800	1.891366e-01	1.400304e-01	2.182573e-06	5.310613e-03
14.810	1.756666e-01	1.418110e-01	2.245192e-06	5.440611e-03
14.820	1.780377e-01	1.391674e-01	2.312994e-06	5.533463e-03
14.830	1.751527e-01	1.408387e-01	2.380719e-06	5.666287e-03
14.840	1.773632e-01	1.297279e-01	2.452114e-06	5.673070e-03
14.850	1.644418e-01	1.314034e-01	2.519268e-06	5.810657e-03
14.860	1.666495e-01	1.330446e-01	2.594548e-06	5.950659e-03
14.870	1.687912e-01	1.294751e-01	2.671790e-06	6.032476e-03
14.880	1.647651e-01	1.309646e-01	2.747531e-06	6.173573e-03
14.890	1.667267e-01	1.206440e-01	2.828600e-06	6.167131e-03
14.900	1.545191e-01	1.221832e-01	2.900738e-06	6.313976e-03
14.910	1.565724e-01	1.198656e-01	2.986502e-06	6.407916e-03
14.920	1.539110e-01	1.213272e-01	3.068679e-06	6.557772e-03
14.930	1.558245e-01	1.116347e-01	3.158137e-06	6.532541e-03
14.940	1.441903e-01	1.130730e-01	3.231176e-06	6.686861e-03
14.950	1.460991e-01	1.144831e-01	3.324868e-06	6.843723e-03
14.960	1.479495e-01	1.113872e-01	3.420621e-06	6.921988e-03
14.970	1.443312e-01	1.126846e-01	3.508906e-06	7.079867e-03
14.980	1.460213e-01	1.036960e-01	3.608420e-06	7.040245e-03
14.990	1.350912e-01	1.050205e-01	3.682138e-06	7.204085e-03
15.000	1.368624e-01	1.029960e-01	3.786964e-06	7.298305e-03
15.010	1.344471e-01	1.042662e-01	3.881280e-06	7.465442e-03
15.020	1.360979e-01	1.054178e-01	3.989659e-06	7.631744e-03
15.030	1.257356e-01	9.706822e-02	4.058787e-06	7.576638e-03
15.040	1.273809e-01	9.827466e-02	4.171639e-06	7.750202e-03
15.050	1.289749e-01	9.555531e-02	4.286542e-06	7.823396e-03
15.060	1.256965e-01	9.668068e-02	4.383143e-06	7.998414e-03
15.070	1.271524e-01	8.888193e-02	4.501494e-06	7.923616e-03
15.080	1.174612e-01	9.001833e-02	4.565671e-06	8.104615e-03
15.090	1.189848e-01	9.111284e-02	4.689881e-06	8.286865e-03
15.100	1.168206e-01	8.934753e-02	4.792616e-06	8.382876e-03
15.110	1.182407e-01	9.033463e-02	4.920027e-06	8.565723e-03
15.120	1.195826e-01	8.310167e-02	5.049230e-06	8.474935e-03
15.130	1.105035e-01	8.413084e-02	5.105175e-06	8.665262e-03
15.140	1.118724e-01	8.179471e-02	5.239108e-06	8.734103e-03
15.150	1.089884e-01	8.276547e-02	5.339051e-06	8.926412e-03
15.160	1.102383e-01	7.602155e-02	5.475869e-06	8.815010e-03
15.170	1.017102e-01	7.699281e-02	5.518111e-06	9.013211e-03
15.180	1.030168e-01	7.792724e-02	5.661284e-06	9.212624e-03
15.190	1.010961e-01	7.638986e-02	5.768009e-06	9.307454e-03
15.200	1.023145e-01	7.723992e-02	5.913878e-06	9.507315e-03
15.210	1.034627e-01	7.099724e-02	6.061153e-06	9.379946e-03
15.220	9.550095e-02	7.187332e-02	6.089289e-06	9.587111e-03
15.230	9.667387e-02	6.983501e-02	6.241534e-06	9.649614e-03
15.240	9.410777e-02	7.066942e-02	6.338859e-06	9.859379e-03
15.250	9.517928e-02	7.144275e-02	6.493290e-06	1.006823e-02
15.260	8.772221e-02	6.568563e-02	6.501990e-06	9.926052e-03
15.270	8.884040e-02	6.648141e-02	6.663199e-06	1.014271e-02
15.280	8.714918e-02	6.514803e-02	6.769559e-06	1.023611e-02
15.290	8.819235e-02	6.587661e-02	6.932862e-06	1.045302e-02
15.300	8.917255e-02	6.050563e-02	7.097032e-06	1.028839e-02
15.310	8.222954e-02	6.124949e-02	7.086661e-06	1.051241e-02
15.320	8.323197e-02	5.950953e-02	7.256034e-06	1.057023e-02
15.330	8.100637e-02	6.022343e-02	7.346521e-06	1.079744e-02
15.340	8.192222e-02	6.087768e-02	7.517257e-06	1.102257e-02
15.350	7.543426e-02	5.593072e-02	7.482849e-06	1.084303e-02
15.360	7.638876e-02	5.660888e-02	7.660739e-06	1.107720e-02
15.370	7.490874e-02	5.545657e-02	7.762892e-06	1.116896e-02
15.380	7.579984e-02	5.607874e-02	7.942238e-06	1.140295e-02
15.390	7.663504e-02	5.147077e-02	8.121839e-06	1.120048e-02
15.400	7.060904e-02	5.210155e-02	8.064857e-06	1.144149e-02
15.410	7.146428e-02	5.059249e-02	8.249921e-06	1.149223e-02
15.420	6.950696e-02	5.120181e-02	8.328526e-06	1.173702e-02
15.430	7.028898e-02	5.175490e-02	8.514138e-06	1.197852e-02
15.440	6.466915e-02	4.751564e-02	8.429998e-06	1.176116e-02
15.450	6.548262e-02	4.809292e-02	8.623051e-06	1.201302e-02
15.460	6.419425e-02	4.710056e-02	8.718046e-06	1.210305e-02
15.470	6.495416e-02	4.763040e-02	8.911920e-06	1.235420e-02
15.480	6.566442e-02	4.368704e-02	9.105341e-06	1.211335e-02
15.490	6.045480e-02	4.422115e-02	8.996566e-06	1.237150e-02
15.500	6.118286e-02	4.473701e-02	9.195706e-06	1.263037e-02
15.510	5.950119e-02	4.345823e-02	9.260995e-06	1.267982e-02
15.520	6.016717e-02	4.392464e-02	9.459873e-06	1.293768e-02
15.530	5.531651e-02	4.030083e-02	9.322216e-06	1.268210e-02
15.540	5.600825e-02	4.079028e-02	9.528753e-06	1.295147e-02
15.550	5.489144e-02	3.993884e-02	9.614505e-06	1.303983e-02
15.560	5.553823e-02	4.038879e-02	9.821273e-06	1.330813e-02
15.570	5.614127e-02	3.702264e-02	1.002688e-05	1.302866e-02
15.580	5.165291e-02	3.747421e-02	9.864025e-06	1.330402e-02
15.590	5.227183e-02	3.791029e-02	1.007564e-05	1.358004e-02
15.600	5.080513e-02	3.680905e-02	1.012422e-05	1.362241e-02
15.610	5.137187e-02	3.720217e-02	1.033484e-05	1.389665e-02
15.620	4.719889e-02	3.411231e-02	1.014270e-05	1.360274e-02
15.630	4.778638e-02	3.452557e-02	1.036112e-05	1.388929e-02
15.640	4.682197e-02	3.379810e-02	1.043647e-05	1.397635e-02
15.650	4.737168e-02	3.417939e-02	1.065459e-05	1.426187e-02
15.660	4.788283e-02	3.131254e-02	1.087079e-05	1.394359e-02
15.670	4.402717e-02	3.169356e-02	1.065396e-05	1.423612e-02
15.680	4.455229e-02	3.206146e-02	1.087644e-05	1.452927e-02
15.690	4.330088e-02	3.113164e-02	1.090978e-05	1.456735e-02
15.700	4.378201e-02	3.146299e-02	1.113056e-05	1.485811e-02
15.710	4.020157e-02	2.883396e-02	1.088499e-05	1.452561e-02
15.720	4.069951e-02	2.918222e-02	1.111369e-05	1.482930e-02
15.730	3.986929e-02	2.856208e-02	1.117814e-05	1.491497e-02
15.740	4.033569e-02	2.888446e-02	1.140607e-05	1.521768e-02
15.750	4.076835e-02	2.644810e-02	1.163139e-05	1.486046e-02
15.760	3.746500e-02	2.676919e-02	1.136263e-05	1.517021e-02
15.770	3.791002e-02	2.707919e-02	1.159453e-05	1.548054e-02
15.780	3.682521e-02	2.628001e-02	1.161028e-05	1.551043e-02
15.790	3.723345e-02	2.656033e-02	1.183992e-05	1.581830e-02
15.800	3.416938e-02	2.432829e-02	1.154375e-05	1.544721e-02
15.810	3.459100e-02	2.462147e-02	1.178133e-05	1.576810e-02
15.820	3.387839e-02	2.409402e-02	1.183500e-05	1.585241e-02
15.830	3.427363e-02	2.436615e-02	1.207142e-05	1.617236e-02
15.840	3.463930e-02	2.462000e-02	1.230451e-05	1.649004e-02
15.850	3.181567e-02	2.256984e-02	1.198712e-05	1.610305e-02
15.860	3.219215e-02	2.283061e-02	1.222706e-05	1.643052e-02
15.870	3.127140e-02	2.215761e-02	1.222874e-05	1.645586e-02
15.880	3.161701e-02	2.239412e-02	1.246590e-05	1.678074e-02
15.890	2.900036e-02	2.050251e-02	1.212283e-05	1.637084e-02
15.900	2.935670e-02	2.074889e-02	1.236792e-05	1.670887e-02
15.910	2.874652e-02	2.030115e-02	1.241129e-05	1.679175e-02
15.920	2.908094e-02	2.053045e-02	1.265492e-05	1.712891e-02
15.930	2.938963e-02	2.074341e-02	1.289458e-05	1.746304e-02
15.940	2.698125e-02	1.900801e-02	1.253274e-05	1.703772e-02
15.950	2.729943e-02	1.922716e-02	1.277956e-05	1.738239e-02
15.960	2.650522e-02	1.865120e-02	1.276515e-05	1.739916e-02
15.970	2.679770e-02	1.885059e-02	1.300881e-05	1.774119e-02
15.980	2.456794e-02	1.725053e-02	1.262335e-05	1.729257e-02
15.990	2.486886e-02	1.745741e-02	1.287486e-05	1.764779e-02
16.000	2.434761e-02	1.707809e-02	1.290870e-05	1.772929e-02
16.010	2.463029e-02	1.727105e-02	1.315851e-05	1.808371e-02
16.020	2.489052e-02	1.744950e-02	1.340367e-05	1.843430e-02
16.030	2.284023e-02	1.598295e-02	1.300191e-05	1.797054e-02
16.040	2.310873e-02	1.616685e-02	1.325450e-05	1.833237e-02
16.050	2.243756e-02	1.568370e-02	1.322872e-05	1.834485e-02
16.060	2.268456e-02	1.585141e-02	1.347780e-05	1.870392e-02
16.070	2.078778e-02	1.450001e-02	1.305449e-05	1.821636e-02
16.080	2.104146e-02	1.467345e-02	1.331131e-05	1.858871e-02
16.090	2.059704e-02	1.435262e-02	1.333647e-05	1.866877e-02
16.100	2.083567e-02	1.451476e-02	1.359149e-05	1.904040e-02
16.110	2.105481e-02	1.466416e-02	1.384125e-05	1.940743e-02
16.120	1.931255e-02	1.342679e-02	1.340424e-05	1.890524e-02
16.130	1.953892e-02	1.358099e-02	1.366172e-05	1.928429e-02
16.140	1.896227e-02	1.316895e-02	1.362232e-05	1.928783e-02
16.150	1.917079e-02	1.330996e-02	1.387606e-05	1.966409e-02
16.160	1.756026e-02	1.217044e-02	1.341962e-05	1.913771e-02
16.170	1.777398e-02	1.231576e-02	1.368096e-05	1.952726e-02
16.180	1.739582e-02	1.204486e-02	1.369843e-05	1.960587e-02
16.190	1.759709e-02	1.218098e-02	1.395787e-05	1.999485e-02
16.200	1.778141e-02	1.230593e-02	1.421146e-05	2.037831e-02
16.210	1.630329e-02	1.126340e-02	1.374365e-05	1.983762e-02
16.220	1.649387e-02	1.139252e-02	1.400520e-05	2.023384e-02
16.230	1.600828e-02	1.104797e-02	1.395743e-05	2.023333e-02
16.240	1.618390e-02	1.116628e-02	1.421493e-05	2.062664e-02
16.250	1.481850e-02	1.020666e-02	1.372969e-05	2.006125e-02
16.260	1.499827e-02	1.032825e-02	1.399472e-05	2.046790e-02
16.270	1.467702e-02	1.009982e-02	1.400542e-05	2.054499e-02
16.280	1.484657e-02	1.021396e-02	1.426855e-05	2.095127e-02
16.290	1.500145e-02	1.031837e-02	1.452529e-05	2.135117e-02
16.300	1.374937e-02	9.441221e-03	1.403092e-05	2.077200e-02
16.310	1.390973e-02	9.549278e-03	1.429592e-05	2.118545e-02
16.320	1.349400e-02	9.256361e-03	1.423709e-05	2.117566e-02
16.330	1.364189e-02	9.355548e-03	1.449785e-05	2.158608e-02
16.340	1.248618e-02	8.548646e-03	1.398798e-05	2.098193e-02
16.350	1.263731e-02	8.650330e-03	1.425613e-05	2.140579e-02
16.360	1.236489e-02	8.458002e-03	1.426101e-05	2.148141e-02
16.370	1.250759e-02	8.553633e-03	1.452728e-05	2.190507e-02
16.380	1.263759e-02	8.640814e-03	1.478661e-05	2.232139e-02
16.390	1.157839e-02	7.903699e-03	1.426940e-05	2.170366e-02
16.400	1.171323e-02	7.994022e-03	1.453732e-05	2.213430e-02
16.410	1.136427e-02	7.749772e-03	1.447289e-05	2.212075e-02
16.420	1.148857e-02	7.832765e-03	1.473627e-05	2.254808e-02
16.430	1.051160e-02	7.155022e-03	1.420529e-05	2.190501e-02
16.440	1.063846e-02	7.239945e-03	1.447595e-05	2.234596e-02
16.450	1.075897e-02	7.078212e-03	1.474271e-05	2.242005e-02
16.460	1.052774e-02	7.158245e-03	1.474466e-05	2.286104e-02
16.470	1.063677e-02	7.230983e-03	1.500612e-05	2.329377e-02
16.480	9.741985e-03	6.612225e-03	1.446954e-05	2.263737e-02
16.490	9.855294e-03	6.687754e-03	1.473994e-05	2.308541e-02
16.500	9.557410e-03	6.480637e-03	1.466666e-05	2.306220e-02
16.510	9.661886e-03	6.550084e-03	1.493235e-05	2.350665e-02
16.520	8.837190e-03	5.981536e-03	1.438362e-05	2.282482e-02
16.530	8.943640e-03	6.052445e-03	1.465642e-05	2.328297e-02
16.540	9.044764e-03	5.916619e-03	1.492529e-05	2.335560e-02
16.550	8.849378e-03	5.983553e-03	1.492312e-05	2.381400e-02
16.560	8.940726e-03	6.044196e-03	1.518632e-05	2.426315e-02
16.570	8.185776e-03	5.525328e-03	1.463333e-05	2.356795e-02
16.580	8.280876e-03	5.588427e-03	1.490577e-05	2.403338e-02
16.590	8.031499e-03	5.416120e-03	1.482911e-05	2.400665e-02
16.600	8.119154e-03	5.474131e-03	1.509662e-05	2.446803e-02
16.610	7.423781e-03	4.997630e-03	1.453284e-05	2.374724e-02
16.620	7.512972e-03	5.056760e-03	1.480731e-05	2.422246e-02
16.630	7.597738e-03	5.112888e-03	1.507790e-05	2.469325e-02
16.640	7.432848e-03	4.998734e-03	1.507223e-05	2.476932e-02
16.650	7.509317e-03	5.049259e-03	1.533684e-05	2.523486e-02
16.660	6.873140e-03	4.614615e-03	1.477010e-05	2.450090e-02
16.670	6.952914e-03	4.667308e-03	1.504431e-05	2.498381e-02
16.680	6.740619e-03	4.521539e-03	1.496059e-05	2.494710e-02
16.690	6.814168e-03	4.570005e-03	1.522974e-05	2.542563e-02
16.700	6.228596e-03	4.171089e-03	1.465346e-05	2.466605e-02
16.710	6.303307e-03	4.220392e-03	1.492938e-05	2.515847e-02
16.720	6.374313e-03	4.267195e-03	1.520144e-05	2.564637e-02
16.730	6.235350e-03	4.171606e-03	1.519290e-05	2.572133e-02
16.740	6.299313e-03	4.213674e-03	1.545866e-05	2.620326e-02
16.750	5.763814e-03	3.849915e-03	1.488038e-05	2.543046e-02
16.760	5.830655e-03	3.893873e-03	1.515603e-05	2.593079e-02
16.770	5.653375e-03	3.772861e-03	1.507064e-05	2.589085e-02
16.780	5.714981e-03	3.813288e-03	1.534106e-05	2.638634e-02
16.790	5.222361e-03	3.479592e-03	1.475425e-05	2.558775e-02
16.800	5.284854e-03	3.520648e-03	1.503126e-05	2.609722e-02
16.810	5.344276e-03	3.559643e-03	1.530449e-05	2.660216e-02
16.820	5.227293e-03	3.479669e-03	1.529356e-05	2.667596e-02
16.830	5.280751e-03	3.514674e-03	1.556023e-05	2.717424e-02
16.840	4.830501e-03	3.210523e-03	1.497230e-05	2.636240e-02
16.850	4.886480e-03	3.247182e-03	1.524928e-05	2.688049e-02
16.860	4.735909e-03	3.145002e-03	1.515812e-05	2.683019e-02
16.870	4.787519e-03	3.178732e-03	1.542972e-05	2.734286e-02
16.880	4.373581e-03	2.899867e-03	1.483428e-05	2.650547e-02
16.890	4.425846e-03	2.934057e-03	1.511227e-05	2.703213e-02
16.900	4.475546e-03	2.966533e-03	1.538651e-05	2.755420e-02
16.910	4.377187e-03	2.899690e-03	1.537366e-05	2.762693e-02
16.920	4.421835e-03	2.928801e-03	1.564106e-05	2.814159e-02
16.930	4.043636e-03	2.674694e-03	1.504513e-05	2.729084e-02
16.940	4.090469e-03	2.705237e-03	1.532313e-05	2.782640e-02
16.950	3.964996e-03	2.620558e-03	1.523153e-05	2.777310e-02
16.960	4.008162e-03	2.648657e-03	1.550401e-05	2.830275e-02
16.970	3.660646e-03	2.415775e-03	1.490130e-05	2.742636e-02
16.980	3.704296e-03	2.444211e-03	1.517998e-05	2.797001e-02
16.990	3.745826e-03	2.471237e-03	1.545503e-05	2.850914e-02
17.000	3.663208e-03	2.415412e-03	1.544058e-05	2.858073e-02
17.010	3.700469e-03	2.439608e-03	1.570856e-05	2.911172e-02
17.020	3.383113e-03	2.227486e-03	1.510601e-05	2.822212e-02
17.030	3.422278e-03	2.252927e-03	1.538493e-05	2.877525e-02
17.040	3.315943e-03	2.181555e-03	1.528854e-05	2.871127e-02
17.050	3.352055e-03	2.204971e-03	1.556190e-05	2.925814e-02
17.060	3.060613e-03	2.010662e-03	1.495329e-05	2.834297e-02
17.070	3.097067e-03	2.034315e-03	1.523262e-05	2.890377e-02
17.080	3.131751e-03	2.056797e-03	1.550838e-05	2.946005e-02
17.090	3.062433e-03	2.010216e-03	1.549268e-05	2.953061e-02
17.100	3.093510e-03	2.030316e-03	1.576113e-05	3.007795e-02
17.110	2.827444e-03	1.853366e-03	1.515306e-05	2.914940e-02
17.120	2.860166e-03	1.874540e-03	1.543274e-05	2.972007e-02
17.130	2.771734e-03	1.815488e-03	1.533679e-05	2.965336e-02
17.140	2.801896e-03	1.834974e-03	1.561077e-05	3.021723e-02
17.150	2.557672e-03	1.672945e-03	1.499718e-05	2.926302e-02
17.160	2.588076e-03	1.692596e-03	1.527693e-05	2.984079e-02
17.170	2.617019e-03	1.711285e-03	1.555325e-05	3.041414e-02
17.180	2.558910e-03	1.672443e-03	1.553650e-05	3.048359e-02
17.190	2.584811e-03	1.689132e-03	1.580530e-05	3.104725e-02
17.200	2.361950e-03	1.541631e-03	1.519270e-05	3.007981e-02
17.210	2.389279e-03	1.559250e-03	1.547308e-05	3.066811e-02
17.220	2.314473e-03	1.509550e-03	1.537298e-05	3.059030e-02
17.230	2.339673e-03	1.525771e-03	1.564762e-05	3.117144e-02
17.240	2.135216e-03	1.390768e-03	1.503005e-05	3.017843e-02
17.250	2.160574e-03	1.407097e-03	1.531022e-05	3.077336e-02
17.260	2.184716e-03	1.422628e-03	1.558705e-05	3.136386e-02
17.270	2.136052e-03	1.390264e-03	1.556950e-05	3.143227e-02
17.280	2.157628e-03	1.404117e-03	1.583861e-05	3.201232e-02
17.290	1.971107e-03	1.281240e-03	1.522221e-05	3.100588e-02
17.300	1.993910e-03	1.295888e-03	1.550316e-05	3.161176e-02
17.310	1.931805e-03	1.254822e-03	1.540409e-05	3.153145e-02
17.320	1.952827e-03	1.268307e-03	1.567919e-05	3.212962e-02
17.330	1.781779e-03	1.155879e-03	1.505817e-05	3.109749e-02
17.340	1.802904e-03	1.169433e-03	1.533862e-05	3.170941e-02
17.350	1.823025e-03	1.182332e-03	1.561585e-05	3.231701e-02
17.360	1.782302e-03	1.155382e-03	1.559762e-05	3.238431e-02
17.370	1.800264e-03	1.166873e-03	1.586695e-05	3.298068e-02
17.380	1.644286e-03	1.064578e-03	1.524745e-05	3.193531e-02
17.390	1.663309e-03	1.076755e-03	1.552894e-05	3.255888e-02
17.400	1.610867e-03	1.042242e-03	1.542620e-05	3.246714e-02
17.410	1.628410e-03	1.053457e-03	1.570182e-05	3.308263e-02
17.420	1.485433e-03	9.598917e-04	1.507799e-05	3.201141e-02
17.430	1.503041e-03	9.711503e-04	1.535885e-05	3.264075e-02
17.440	1.519803e-03	9.818595e-04	1.563645e-05	3.326553e-02
17.450	1.485758e-03	9.594342e-04	1.561774e-05	3.333182e-02
17.460	1.500704e-03	9.689640e-04	1.588726e-05	3.394457e-02
17.470	1.370362e-03	8.838495e-04	1.526513e-05	3.286015e-02
17.480	1.386210e-03	8.939616e-04	1.554699e-05	3.350123e-02
17.490	1.342751e-03	8.654849e-04	1.544580e-05	3.340741e-02
17.500	1.357369e-03	8.747995e-04	1.572176e-05	3.403996e-02
17.510	1.237931e-03	7.969685e-04	1.509547e-05	3.292935e-02
17.520	1.252588e-03	8.063092e-04	1.537658e-05	3.357590e-02
17.530	1.266543e-03	8.151953e-04	1.565445e-05	3.421778e-02
17.540	1.238099e-03	7.965445e-04	1.563534e-05	3.428299e-02
17.550	1.250528e-03	8.044434e-04	1.590498e-05	3.491205e-02
17.560	1.141692e-03	7.336666e-04	1.528072e-05	3.378865e-02
17.570	1.154876e-03	7.420524e-04	1.556273e-05	3.444684e-02
17.580	1.118255e-03	7.181602e-04	1.545845e-05	3.434182e-02
17.590	1.130441e-03	7.259004e-04	1.573483e-05	3.499173e-02
17.600	1.030748e-03	6.612005e-04	1.510661e-05	3.384199e-02
17.610	1.042951e-03	6.689527e-04	1.538804e-05	3.450599e-02
17.620	1.054565e-03	6.763243e-04	1.566619e-05	3.516507e-02
17.630	1.030814e-03	6.608195e-04	1.564672e-05	3.522917e-02
17.640	1.041153e-03	6.673684e-04	1.591657e-05	3.587474e-02
17.650	9.503334e-04	6.085433e-04	1.529048e-05	3.471224e-02
17.660	9.612936e-04	6.154925e-04	1.557257e-05	3.538745e-02
17.670	9.309994e-04	5.958085e-04	1.547031e-05	3.528111e-02
17.680	9.411425e-04	6.022318e-04	1.574695e-05	3.594811e-02
17.690	8.579780e-04	5.484694e-04	1.511700e-05	3.475892e-02
17.700	8.681253e-04	5.548958e-04	1.539859e-05	3.544014e-02
17.710	8.777835e-04	5.610076e-04	1.567695e-05	3.611632e-02
17.720	8.579456e-04	5.481112e-04	1.565691e-05	3.617862e-02
17.730	8.665586e-04	5.535509e-04	1.592715e-05	3.684124e-02
17.740	7.908264e-04	5.046860e-04	1.529958e-05	3.563972e-02
17.750	7.999358e-04	5.104443e-04	1.558177e-05	3.633203e-02
17.760	7.744455e-04	4.939482e-04	1.547663e-05	3.621424e-02
17.770	7.828923e-04	4.992817e-04	1.575364e-05	3.689864e-02
17.780	7.908165e-04	5.042802e-04	1.602690e-05	3.757715e-02
17.790	7.220085e-04	4.599644e-04	1.540420e-05	3.636897e-02
17.800	7.300381e-04	4.650307e-04	1.568278e-05	3.706238e-02
17.810	7.134816e-04	4.543105e-04	1.566228e-05	3.712294e-02
17.820	7.206543e-04	4.588278e-04	1.593292e-05	3.780273e-02
17.830	6.575402e-04	4.182547e-04	1.530407e-05	3.656205e-02
17.840	6.651054e-04	4.230230e-04	1.558627e-05	3.727135e-02
17.850	6.440484e-04	4.094471e-04	1.548337e-05	3.715261e-02
17.860	6.510727e-04	4.138699e-04	1.576058e-05	3.785414e-02
17.870	6.576466e-04	4.180048e-04	1.603377e-05	3.854892e-02
17.880	6.003261e-04	3.812212e-04	1.541001e-05	3.730218e-02
17.890	6.069975e-04	3.854185e-04	1.568874e-05	3.801272e-02
17.900	5.931875e-04	3.765110e-04	1.566778e-05	3.807143e-02
17.910	5.991572e-04	3.802605e-04	1.593878e-05	3.876832e-02
17.920	5.465924e-04	3.465889e-04	1.530888e-05	3.748857e-02
17.930	5.528742e-04	3.505372e-04	1.559113e-05	3.821497e-02
17.940	5.351779e-04	3.391704e-04	1.548549e-05	3.808444e-02
17.950	5.410221e-04	3.428400e-04	1.576302e-05	3.880342e-02
17.960	5.464787e-04	3.462628e-04	1.603625e-05	3.951477e-02
17.970	4.987607e-04	3.157479e-04	1.541172e-05	3.822975e-02
17.980	5.043020e-04	3.192247e-04	1.569063e-05	3.895752e-02
17.990	4.927913e-04	3.118277e-04	1.566931e-05	3.901446e-02
18.000	4.977583e-04	3.149392e-04	1.594068e-05	3.972859e-02
18.010	4.540032e-04	2.870066e-04	1.530985e-05	3.840963e-02
18.020	4.592155e-04	2.902737e-04	1.559208e-05	3.915300e-02
18.030	4.446135e-04	2.809271e-04	1.548878e-05	3.902181e-02
18.040	4.494692e-04	2.839680e-04	1.576648e-05	3.975794e-02
18.050	4.539920e-04	2.867976e-04	1.603961e-05	4.048554e-02
18.060	4.142863e-04	2.614915e-04	1.541434e-05	3.916193e-02
18.070	4.188862e-04	2.643700e-04	1.569337e-05	3.990685e-02
18.080	4.092968e-04	2.582295e-04	1.567168e-05	3.996188e-02
18.090	4.134272e-04	2.608104e-04	1.594337e-05	4.069319e-02
18.100	3.770267e-04	2.376492e-04	1.531179e-05	3.933511e-02
18.110	3.813510e-04	2.403527e-04	1.559403e-05	4.009557e-02
18.120	3.690947e-04	2.325344e-04	1.548810e-05	3.995234e-02
18.130	3.731312e-04	2.350559e-04	1.576610e-05	4.070596e-02
18.140	3.768822e-04	2.373966e-04	1.603924e-05	4.145013e-02
18.150	3.438646e-04	2.164210e-04	1.541348e-05	4.008824e-02
18.160	3.476821e-04	2.188038e-04	1.569265e-05	4.085040e-02
18.170	3.396987e-04	2.137092e-04	1.567065e-05	4.090352e-02
18.180	3.431326e-04	2.158495e-04	1.594271e-05	4.165223e-02
18.190	3.128653e-04	1.966517e-04	1.531044e-05	4.025490e-02
18.200	3.164503e-04	1.988874e-04	1.559263e-05	4.103231e-02
18.210	3.063490e-04	1.924646e-04	1.548916e-05	4.088880e-02
18.220	3.097001e-04	1.945527e-04	1.576730e-05	4.165960e-02
18.230	3.128066e-04	1.964864e-04	1.604031e-05	4.241998e-02
18.240	2.853619e-04	1.791053e-04	1.541402e-05	4.101950e-02
18.250	2.885282e-04	1.810768e-04	1.569329e-05	4.179881e-02
18.260	2.818849e-04	1.768513e-04	1.567097e-05	4.184998e-02
18.270	2.847381e-04	1.786255e-04	1.594333e-05	4.261592e-02
18.280	2.595843e-04	1.627196e-04	1.531050e-05	4.117943e-02
18.290	2.625562e-04	1.645685e-04	1.559269e-05	4.197391e-02
18.300	2.540861e-04	1.591999e-04	1.548664e-05	4.181804e-02
18.310	2.568696e-04	1.609303e-04	1.576504e-05	4.260636e-02
18.320	2.594440e-04	1.625290e-04	1.603806e-05	4.338328e-02
18.330	2.366452e-04	1.481334e-04	1.541145e-05	4.194452e-02
18.340	2.392709e-04	1.497644e-04	1.569085e-05	4.274110e-02
18.350	2.337461e-04	1.462614e-04	1.566828e-05	4.279041e-02
18.360	2.361163e-04	1.477319e-04	1.594097e-05	4.357374e-02
18.370	2.152215e-04	1.345580e-04	1.530761e-05	4.209795e-02
18.380	2.176834e-04	1.360859e-04	1.558973e-05	4.290935e-02
18.390	2.107092e-04	1.316787e-04	1.548617e-05	4.275350e-02
18.400	2.130183e-04	1.331108e-04	1.576470e-05	4.355902e-02
18.410	2.151487e-04	1.344308e-04	1.603758e-05	4.435212e-02
18.420	1.962164e-04	1.225110e-04	1.541058e-05	4.287474e-02
18.430	1.983926e-04	1.238596e-04	1.569007e-05	4.368848e-02
18.440	1.937999e-04	1.209566e-04	1.566721e-05	4.373580e-02
18.450	1.957679e-04	1.221748e-04	1.594020e-05	4.453645e-02
18.460	1.784196e-04	1.112678e-04	1.530641e-05	4.302143e-02
18.470	1.804589e-04	1.125306e-04	1.558851e-05	4.384988e-02
18.480	1.746172e-04	1.088499e-04	1.548243e-05	4.368143e-02
18.490	1.765337e-04	1.100359e-04	1.576122e-05	4.450452e-02
18.500	1.782980e-04	1.111266e-04	1.603409e-05	4.531415e-02
18.510	1.625852e-04	1.012613e-04	1.540688e-05	4.379849e-02
18.520	1.643885e-04	1.023764e-04	1.568648e-05	4.462953e-02
18.530	1.605729e-04	9.997157e-05	1.566341e-05	4.467494e-02
18.540	1.622067e-04	1.009807e-04	1.593672e-05	4.549306e-02
18.550	1.478088e-04	9.195337e-05	1.530250e-05	4.393867e-02
18.560	1.494970e-04	9.299647e-05	1.558453e-05	4.478404e-02
18.570	1.446918e-04	8.997722e-05	1.548100e-05	4.461598e-02
18.580	1.462805e-04	9.095827e-05	1.575990e-05	4.545630e-02
18.590	1.477395e-04	9.185831e-05	1.603262e-05	4.628208e-02
18.600	1.347031e-04	8.369520e-05	1.540511e-05	4.472775e-02
18.610	1.361967e-04	8.461681e-05	1.568480e-05	4.557599e-02
18.620	1.330278e-04	8.262525e-05	1.566146e-05	4.561936e-02
18.630	1.343834e-04	8.346080e-05	1.593506e-05	4.645486e-02
18.640	1.224397e-04	7.599192e-05	1.530049e-05	4.486119e-02
18.650	1.238372e-04	7.685356e-05	1.558249e-05	4.572360e-02
18.660	1.198155e-04	7.433352e-05	1.547643e-05	4.554255e-02
18.670	1.211334e-04	7.514562e-05	1.575559e-05	4.640053e-02
18.680	1.223408e-04	7.588891e-05	1.602830e-05	4.724283e-02
18.690	1.115305e-04	6.913726e-05	1.540066e-05	4.565019e-02
18.700	1.127674e-04	6.989888e-05	1.568046e-05	4.651577e-02
18.710	1.101370e-04	6.825028e-05	1.565692e-05	4.655720e-02
18.720	1.112616e-04	6.894208e-05	1.593084e-05	4.741025e-02
18.730	1.013576e-04	6.276436e-05	1.529590e-05	4.577715e-02
18.740	1.025137e-04	6.347570e-05	1.557783e-05	4.665646e-02
18.750	9.920796e-05	6.140962e-05	1.547427e-05	4.647592e-02
18.760	1.003000e-04	6.208117e-05	1.575360e-05	4.735132e-02
18.770	1.012978e-04	6.269422e-05	1.602614e-05	4.820973e-02
18.780	9.233620e-05	5.711110e-05	1.539826e-05	4.657840e-02
18.790	9.335997e-05	5.774024e-05	1.567814e-05	4.746121e-02
18.800	9.117741e-05	5.637587e-05	1.565436e-05	4.750054e-02
18.810	9.210969e-05	5.694824e-05	1.592852e-05	4.837092e-02
18.820	8.390077e-05	5.184037e-05	1.529333e-05	4.669863e-02
18.830	8.485715e-05	5.242767e-05	1.557522e-05	4.759495e-02
18.840	8.209278e-05	5.070435e-05	1.546914e-05	4.740106e-02
18.850	8.299815e-05	5.126005e-05	1.574876e-05	4.829429e-02
18.860	8.382341e-05	5.176609e-05	1.602128e-05	4.916921e-02
18.870	7.639805e-05	4.715118e-05	1.539332e-05	4.749958e-02
18.880	7.724532e-05	4.767084e-05	1.567331e-05	4.839975e-02
18.890	7.543521e-05	4.654216e-05	1.564933e-05	4.843708e-02
18.900	7.620764e-05	4.701549e-05	1.592370e-05	4.932472e-02
18.910	6.940639e-05	4.279351e-05	1.528831e-05	4.761332e-02
18.920	7.019708e-05	4.327813e-05	1.557012e-05	4.852652e-02
18.930	6.792679e-05	4.186622e-05	1.546658e-05	4.833352e-02
18.940	6.867653e-05	4.232552e-05	1.574635e-05	4.924421e-02
18.950	6.935814e-05	4.274268e-05	1.601872e-05	5.013521e-02
18.960	6.320702e-05	3.892860e-05	1.539050e-05	4.842672e-02
18.970	6.390814e-05	3.935781e-05	1.567062e-05	4.934428e-02
18.980	6.240738e-05	3.842431e-05	1.564641e-05	4.937946e-02
18.990	6.304703e-05	3.881555e-05	1.592092e-05	5.028423e-02
19.000	5.741432e-05	3.532694e-05	1.528540e-05	4.853384e-02
19.010	5.806804e-05	3.572686e-05	1.556717e-05	4.946405e-02
19.020	5.617090e-05	3.454982e-05	1.546109e-05	4.925734e-02
19.030	5.679214e-05	3.492970e-05	1.574116e-05	5.018592e-02
19.040	5.735552e-05	3.527388e-05	1.601349e-05	5.109341e-02
19.050	5.226195e-05	3.212263e-05	1.538509e-05	4.934616e-02
19.060	5.284251e-05	3.247739e-05	1.566546e-05	5.028155e-02
19.070	5.159882e-05	3.170561e-05	1.564106e-05	5.031470e-02
19.080	5.212849e-05	3.202901e-05	1.591578e-05	5.123678e-02
19.090	4.746505e-05	2.914708e-05	1.528009e-05	4.944726e-02
19.100	4.800520e-05	2.947693e-05	1.556177e-05	5.039431e-02
19.110	4.852005e-05	2.979120e-05	1.583990e-05	5.133211e-02
19.120	4.696233e-05	2.882690e-05	1.573845e-05	5.113486e-02
19.130	4.742739e-05	2.911051e-05	1.601062e-05	5.205839e-02
19.140	4.321054e-05	2.650732e-05	1.538190e-05	5.027194e-02
19.150	4.369104e-05	2.680042e-05	1.566248e-05	5.122506e-02
19.160	4.266067e-05	2.616248e-05	1.563786e-05	5.125601e-02
19.170	4.309905e-05	2.642967e-05	1.591273e-05	5.219526e-02
19.180	3.923953e-05	2.404964e-05	1.527693e-05	5.036673e-02
19.190	3.968586e-05	2.432172e-05	1.555857e-05	5.133078e-02
19.200	4.011155e-05	2.458111e-05	1.583680e-05	5.228584e-02
19.210	3.881157e-05	2.377815e-05	1.573302e-05	5.207531e-02
19.220	3.919576e-05	2.401204e-05	1.600517e-05	5.301531e-02
19.230	3.570629e-05	2.186240e-05	1.537627e-05	5.119007e-02
19.240	3.610395e-05	2.210455e-05	1.565711e-05	5.216108e-02
19.250	3.525069e-05	2.157743e-05	1.563231e-05	5.218996e-02
19.260	3.561350e-05	2.179819e-05	1.590737e-05	5.314655e-02
19.270	3.242026e-05	1.983309e-05	1.527143e-05	5.127888e-02
19.280	3.278885e-05	2.005740e-05	1.555298e-05	5.225976e-02
19.290	3.314061e-05	2.027139e-05	1.583127e-05	5.323194e-02
19.300	3.207487e-05	1.961447e-05	1.573015e-05	5.302339e-02
19.310	3.239183e-05	1.980712e-05	1.600213e-05	5.397940e-02
19.320	2.950487e-05	1.803225e-05	1.537294e-05	5.211490e-02
19.330	2.983382e-05	1.823223e-05	1.565398e-05	5.310369e-02
19.340	2.912740e-05	1.779675e-05	1.562896e-05	5.313031e-02
19.350	2.942752e-05	1.797907e-05	1.590418e-05	5.410411e-02
19.360	2.678647e-05	1.635702e-05	1.526814e-05	5.219740e-02
19.370	2.709088e-05	1.654197e-05	1.554964e-05	5.319526e-02
19.380	2.738157e-05	1.671851e-05	1.582804e-05	5.418474e-02
19.390	2.649268e-05	1.617175e-05	1.572457e-05	5.396259e-02
19.400	2.675439e-05	1.633056e-05	1.599652e-05	5.493504e-02
19.410	2.436693e-05	1.486566e-05	1.536717e-05	5.303171e-02
19.420	2.463903e-05	1.503082e-05	1.564847e-05	5.403846e-02
19.430	2.405443e-05	1.467117e-05	1.562328e-05	5.406295e-02
19.440	2.430269e-05	1.482175e-05	1.589869e-05	5.505415e-02
19.450	2.211894e-05	1.348315e-05	1.526252e-05	5.310828e-02
19.460	2.237020e-05	1.363556e-05	1.554393e-05	5.412295e-02
19.470	2.261028e-05	1.378114e-05	1.582238e-05	5.512957e-02
19.480	2.188198e-05	1.333402e-05	1.572157e-05	5.490970e-02
19.490	2.209779e-05	1.346477e-05	1.599334e-05	5.589810e-02
19.500	2.012377e-05	1.225586e-05	1.536364e-05	5.395510e-02
19.510	2.034874e-05	1.239220e-05	1.564521e-05	5.498003e-02
19.520	1.986506e-05	1.209523e-05	1.561980e-05	5.500223e-02
19.530	2.007032e-05	1.221954e-05	1.589536e-05	5.601068e-02
19.540	1.826528e-05	1.111515e-05	1.525911e-05	5.402577e-02
19.550	1.847268e-05	1.124076e-05	1.554047e-05	5.505738e-02
19.560	1.867099e-05	1.136082e-05	1.581903e-05	5.608131e-02
19.570	1.806396e-05	1.098889e-05	1.571590e-05	5.584766e-02
19.580	1.824207e-05	1.109663e-05	1.598764e-05	5.685247e-02
19.590	1.661057e-05	1.009932e-05	1.535779e-05	5.487060e-02
19.600	1.679656e-05	1.021186e-05	1.563962e-05	5.591356e-02
19.610	1.639654e-05	9.966732e-06	1.561403e-05	5.593359e-02
19.620	1.656625e-05	1.006936e-05	1.588978e-05	5.695947e-02
19.630	1.507463e-05	9.158382e-06	1.525343e-05	5.493545e-02
19.640	1.524574e-05	9.261857e-06	1.553468e-05	5.598379e-02
19.650	1.540944e-05	9.360822e-06	1.581330e-05	5.702488e-02
19.660	1.491241e-05	9.056839e-06	1.571285e-05	5.679393e-02
19.670	1.505921e-05	9.145510e-06	1.598441e-05	5.781466e-02
19.680	1.371102e-05	8.322852e-06	1.535428e-05	5.579340e-02
19.690	1.386472e-05	8.415721e-06	1.563631e-05	5.685426e-02
19.700	1.353396e-05	8.213407e-06	1.561051e-05	5.687192e-02
19.710	1.367421e-05	8.298095e-06	1.588641e-05	5.791509e-02
19.720	1.244196e-05	7.546849e-06	1.524999e-05	5.585205e-02
19.730	1.258313e-05	7.632098e-06	1.553118e-05	5.691727e-02
19.740	1.271829e-05	7.713685e-06	1.580990e-05	5.797570e-02
19.750	1.230423e-05	7.460910e-06	1.570711e-05	5.773063e-02
19.760	1.242533e-05	7.533950e-06	1.597863e-05	5.876775e-02
19.770	1.131168e-05	6.855585e-06	1.534837e-05	5.670758e-02
19.780	1.143871e-05	6.932226e-06	1.563067e-05	5.778659e-02
19.790	1.116530e-05	6.765301e-06	1.560468e-05	5.780198e-02
19.800	1.128121e-05	6.835191e-06	1.588077e-05	5.886264e-02
19.810	1.026348e-05	6.215785e-06	1.524426e-05	5.676047e-02
19.820	1.037990e-05	6.285983e-06	1.552534e-05	5.784239e-02
19.830	1.049142e-05	6.353209e-06	1.580412e-05	5.891799e-02
19.840	1.015256e-05	6.146694e-06	1.570398e-05	5.867587e-02
19.850	1.025233e-05	6.206786e-06	1.597533e-05	5.972891e-02
19.860	9.332554e-06	5.647460e-06	1.534479e-05	5.762931e-02
19.870	9.437481e-06	5.710678e-06	1.562731e-05	5.872629e-02
19.880	9.211539e-06	5.572972e-06	1.560109e-05	5.873924e-02
19.890	9.307288e-06	5.630627e-06	1.587733e-05	5.981722e-02
19.900	8.466970e-06	5.120042e-06	1.524076e-05	5.767601e-02
19.910	8.562980e-06	5.177854e-06	1.552178e-05	5.877480e-02
19.920	8.655014e-06	5.233256e-06	1.580066e-05	5.986775e-02
19.930	8.372886e-06	5.061613e-06	1.569818e-05	5.961125e-02
19.940	8.455154e-06	5.111097e-06	1.596952e-05	6.068074e-02
19.950	7.695789e-06	4.650069e-06	1.533884e-05	5.854219e-02
19.960	7.782470e-06	4.702223e-06	1.562164e-05	5.965739e-02
19.970	7.595814e-06	4.588654e-06	1.559523e-05	5.966801e-02
19.980	7.674910e-06	4.636217e-06	1.587167e-05	6.076352e-02
19.990	6.981221e-06	4.215402e-06	1.523495e-05	5.858299e-02
20.000	7.060375e-06	4.263001e-06	1.551591e-05	5.969864e-02
20.010	7.136284e-06	4.308635e-06	1.579485e-05	6.080878e-02
20.020	6.905527e-06	4.168471e-06	1.569503e-05	6.055560e-02
20.030	6.973281e-06	4.209172e-06	1.596621e-05	6.164103e-02
20.040	6.346431e-06	3.829199e-06	1.533526e-05	5.946299e-02
20.050	6.417999e-06	3.872203e-06	1.561827e-05	6.059622e-02
20.060	6.263826e-06	3.778552e-06	1.559164e-05	6.060434e-02
20.070	6.329137e-06	3.817775e-06	1.586822e-05	6.171721e-02
20.080	5.756623e-06	3.471010e-06	1.523132e-05	5.949712e-02
20.090	5.821908e-06	3.510217e-06	1.551234e-05	6.063011e-02
20.100	5.884526e-06	3.547811e-06	1.579138e-05	6.175763e-02
20.110	5.692487e-06	3.431354e-06	1.568921e-05	6.148971e-02
20.120	5.748334e-06	3.464859e-06	1.596037e-05	6.259158e-02
20.130	5.231058e-06	3.151787e-06	1.532929e-05	6.037454e-02
20.140	5.290122e-06	3.187232e-06	1.561247e-05	6.152564e-02
20.150	5.162857e-06	3.110050e-06	1.558575e-05	6.153182e-02
20.160	5.216787e-06	3.142397e-06	1.586253e-05	6.266226e-02
20.170	4.744383e-06	2.856700e-06	1.522542e-05	6.040251e-02
20.180	4.798201e-06	2.888980e-06	1.550645e-05	6.155267e-02
20.190	4.849828e-06	2.919936e-06	1.578555e-05	6.269739e-02
20.200	4.692822e-06	2.824869e-06	1.568602e-05	6.243307e-02
20.210	4.738799e-06	2.852418e-06	1.595703e-05	6.355086e-02
20.220	4.311994e-06	2.594487e-06	1.532568e-05	6.129427e-02
20.230	4.360665e-06	2.623659e-06	1.560878e-05	6.246232e-02
20.240	4.255674e-06	2.560084e-06	1.558213e-05	6.246706e-02
20.250	4.300189e-06	2.586750e-06	1.585905e-05	6.361491e-02
20.260	3.910487e-06	2.351416e-06	1.522176e-05	6.131556e-02
20.270	3.954858e-06	2.377996e-06	1.550285e-05	6.248307e-02
20.280	3.997428e-06	2.403491e-06	1.578205e-05	6.364519e-02
20.290	3.866795e-06	2.324513e-06	1.568005e-05	6.336542e-02
20.300	3.904720e-06	2.347209e-06	1.595118e-05	6.450015e-02
20.310	3.552683e-06	2.134772e-06	1.531969e-05	6.220453e-02
20.320	3.592797e-06	2.158785e-06	1.560279e-05	6.338977e-02
20.330	3.506209e-06	2.106433e-06	1.557623e-05	6.339327e-02
20.340	3.542953e-06	2.128418e-06	1.585335e-05	6.455873e-02
20.350	3.221540e-06	1.934600e-06	1.521585e-05	6.221967e-02
20.360	3.258104e-06	1.956477e-06	1.549696e-05	6.340435e-02
20.370	3.293189e-06	1.977463e-06	1.577621e-05	6.458370e-02
20.380	3.186352e-06	1.912965e-06	1.567653e-05	6.430658e-02
20.390	3.217654e-06	1.931676e-06	1.594785e-05	6.545856e-02
20.400	2.927317e-06	1.756719e-06	1.531609e-05	6.312333e-02
20.410	2.960361e-06	1.776476e-06	1.559912e-05	6.432551e-02
20.420	2.888961e-06	1.733369e-06	1.557262e-05	6.432759e-02
20.430	2.919278e-06	1.751488e-06	1.584989e-05	6.551049e-02
20.440	2.947446e-06	1.768314e-06	1.612245e-05	6.667689e-02
20.450	2.684384e-06	1.609901e-06	1.549337e-05	6.433382e-02
20.460	2.713303e-06	1.627180e-06	1.577272e-05	6.553059e-02
20.470	2.624399e-06	1.573585e-06	1.567034e-05	6.523676e-02
20.480	2.650257e-06	1.589024e-06	1.594198e-05	6.640658e-02
20.490	2.410884e-06	1.444976e-06	1.531010e-05	6.403227e-02
20.500	2.438109e-06	1.461235e-06	1.559312e-05	6.525165e-02
20.510	2.379251e-06	1.425751e-06	1.556671e-05	6.525250e-02
20.520	2.404266e-06	1.440684e-06	1.584418e-05	6.645306e-02
20.530	2.427453e-06	1.454518e-06	1.611665e-05	6.763570e-02
20.540	2.210597e-06	1.324107e-06	1.548747e-05	6.525383e-02
20.550	2.234423e-06	1.338326e-06	1.576688e-05	6.646782e-02
20.560	2.161740e-06	1.294570e-06	1.566680e-05	6.617684e-02
20.570	2.183074e-06	1.307294e-06	1.593863e-05	6.736397e-02
20.580	1.985739e-06	1.188701e-06	1.530648e-05	6.494999e-02
20.590	2.008156e-06	1.202074e-06	1.558943e-05	6.618629e-02
20.600	1.959643e-06	1.172867e-06	1.556308e-05	6.618575e-02
20.610	1.980276e-06	1.185170e-06	1.584069e-05	6.740379e-02
20.620	1.999362e-06	1.196545e-06	1.611309e-05	6.860272e-02
20.630	1.820638e-06	1.089208e-06	1.548386e-05	6.618223e-02
20.640	1.840271e-06	1.100910e-06	1.576336e-05	6.741366e-02
20.650	1.779818e-06	1.064567e-06	1.566060e-05	6.710569e-02
20.660	1.797436e-06	1.075063e-06	1.593276e-05	6.831073e-02
20.670	1.634806e-06	9.774542e-07	1.530048e-05	6.585764e-02
20.680	1.653270e-06	9.884564e-07	1.558342e-05	6.711114e-02
20.690	1.613295e-06	9.644222e-07	1.555718e-05	6.710939e-02
20.700	1.630314e-06	9.745594e-07	1.583498e-05	6.834513e-02
20.710	1.646020e-06	9.839097e-07	1.610730e-05	6.956028e-02
20.720	1.498748e-06	8.955745e-07	1.547796e-05	6.710097e-02
20.730	1.514916e-06	9.052022e-07	1.575752e-05	6.834964e-02
20.740	1.465517e-06	8.755423e-07	1.565708e-05	6.804487e-02
20.750	1.480048e-06	8.841900e-07	1.592944e-05	6.926727e-02
20.760	1.346032e-06	8.038565e-07	1.529689e-05	6.677446e-02
20.770	1.361230e-06	8.129031e-07	1.557975e-05	6.804485e-02
20.780	1.328295e-06	7.931271e-07	1.555356e-05	6.804171e-02
20.790	1.342328e-06	8.014767e-07	1.583151e-05	6.929497e-02
20.800	1.355251e-06	8.091624e-07	1.610375e-05	7.052639e-02
20.810	1.233923e-06	7.364797e-07	1.547437e-05	6.802846e-02
20.820	1.247241e-06	7.444018e-07	1.575403e-05	6.929457e-02
20.830	1.206168e-06	7.197729e-07	1.565085e-05	6.897221e-02
20.840	1.218164e-06	7.269042e-07	1.592357e-05	7.021276e-02
20.850	1.107760e-06	6.608063e-07	1.529088e-05	6.768079e-02
20.860	1.120274e-06	6.682472e-07	1.557375e-05	6.896839e-02
20.870	1.093146e-06	6.519792e-07	1.554766e-05	6.896408e-02
20.880	1.104717e-06	6.588569e-07	1.582580e-05	7.023506e-02
20.890	1.115348e-06	6.651729e-07	1.609796e-05	7.148270e-02
20.900	1.015409e-06	6.053763e-07	1.546848e-05	6.894593e-02
20.910	1.026374e-06	6.118918e-07	1.574818e-05	7.022930e-02
20.920	9.928219e-07	5.917972e-07	1.564732e-05	6.991031e-02
20.930	1.002712e-06	5.976712e-07	1.592022e-05	7.116829e-02
20.940	9.117670e-07	5.432884e-07	1.528727e-05	6.859653e-02
20.950	9.220644e-07	5.494050e-07	1.557006e-05	6.990101e-02
20.960	8.997226e-07	5.360236e-07	1.554403e-05	6.989536e-02
20.970	9.092603e-07	5.416869e-07	1.582231e-05	7.118387e-02
20.980	9.180055e-07	5.468772e-07	1.609440e-05	7.244775e-02
20.990	8.357028e-07	4.976913e-07	1.546487e-05	6.987235e-02
21.000	8.447321e-07	5.030511e-07	1.574468e-05	7.117318e-02
21.010	8.168476e-07	4.863716e-07	1.564112e-05	7.083649e-02
21.020	8.250097e-07	4.912143e-07	1.591435e-05	7.211254e-02
21.030	7.501154e-07	4.464820e-07	1.528127e-05	6.950157e-02
21.040	7.585916e-07	4.515117e-07	1.556406e-05	7.082326e-02
21.050	7.401963e-07	4.405074e-07	1.553814e-05	7.081647e-02
21.060	7.480584e-07	4.451712e-07	1.581660e-05	7.212274e-02
21.070	7.552503e-07	4.494353e-07	1.608861e-05	7.340283e-02
21.080	6.874812e-07	4.089819e-07	1.545898e-05	7.078856e-02
21.090	6.949129e-07	4.133890e-07	1.573884e-05	7.210666e-02
21.100	6.721439e-07	3.997852e-07	1.563761e-05	7.177370e-02
21.110	6.788718e-07	4.037731e-07	1.591104e-05	7.306725e-02
21.120	6.171994e-07	3.669799e-07	1.527769e-05	7.041642e-02
21.130	6.241720e-07	3.711134e-07	1.556040e-05	7.175496e-02
21.140	6.090275e-07	3.620645e-07	1.553454e-05	7.174684e-02
21.150	6.155060e-07	3.659037e-07	1.581314e-05	7.307067e-02
21.160	6.214201e-07	3.694069e-07	1.608508e-05	7.436698e-02
21.170	5.656298e-07	3.361415e-07	1.545539e-05	7.171405e-02
21.180	5.717477e-07	3.397659e-07	1.573535e-05	7.304965e-02
21.190	5.528307e-07	3.284768e-07	1.563142e-05	7.269854e-02
21.200	5.583811e-07	3.317636e-07	1.590518e-05	7.401024e-02
21.210	5.076109e-07	3.015083e-07	1.527169e-05	7.132016e-02
21.220	5.133487e-07	3.049065e-07	1.555440e-05	7.267591e-02
21.230	5.008839e-07	2.974672e-07	1.552864e-05	7.266667e-02
21.240	5.062226e-07	3.006281e-07	1.580744e-05	7.400830e-02
21.250	5.110849e-07	3.035055e-07	1.607929e-05	7.532081e-02
21.260	4.651621e-07	2.761538e-07	1.544950e-05	7.262896e-02
21.270	4.701961e-07	2.791333e-07	1.572952e-05	7.398188e-02
21.280	4.547537e-07	2.699279e-07	1.562789e-05	7.363467e-02
21.290	4.593275e-07	2.726339e-07	1.590184e-05	7.496383e-02
21.300	4.175344e-07	2.477553e-07	1.526808e-05	7.223383e-02
21.310	4.222529e-07	2.505472e-07	1.555064e-05	7.360594e-02
21.320	4.119942e-07	2.444315e-07	1.552492e-05	7.359528e-02
21.330	4.163924e-07	2.470331e-07	1.580385e-05	7.495440e-02
21.340	4.203898e-07	2.493964e-07	1.607562e-05	7.628305e-02
21.350	3.825967e-07	2.269110e-07	1.544570e-05	7.355200e-02
21.360	3.867397e-07	2.293608e-07	1.572580e-05	7.492236e-02
21.370	3.739151e-07	2.217244e-07	1.562147e-05	7.455665e-02
21.380	3.776874e-07	2.239542e-07	1.589572e-05	7.590382e-02
21.390	3.432936e-07	2.035020e-07	1.526181e-05	7.313439e-02
21.400	3.471755e-07	2.057968e-07	1.554436e-05	7.452359e-02
21.410	3.387341e-07	2.007700e-07	1.551868e-05	7.451149e-02
21.420	3.423582e-07	2.029117e-07	1.579781e-05	7.588850e-02
21.430	3.456437e-07	2.048525e-07	1.606948e-05	7.723317e-02
21.440	3.145451e-07	1.863693e-07	1.543943e-05	7.446302e-02
21.450	3.179531e-07	1.883827e-07	1.571957e-05	7.585053e-02
21.460	3.074882e-07	1.821580e-07	1.561755e-05	7.548889e-02
21.470	3.105951e-07	1.839928e-07	1.589192e-05	7.685329e-02
21.480	2.822927e-07	1.671802e-07	1.525775e-05	7.404387e-02
21.490	2.854840e-07	1.690651e-07	1.554019e-05	7.544965e-02
21.500	2.785387e-07	1.649336e-07	1.551450e-05	7.543582e-02
21.510	2.815237e-07	1.666961e-07	1.579377e-05	7.683043e-02
21.520	2.842240e-07	1.682898e-07	1.606533e-05	7.819102e-02
21.530	2.586389e-07	1.530991e-07	1.543519e-05	7.538187e-02
21.540	2.614429e-07	1.547542e-07	1.571539e-05	7.678667e-02
21.550	2.527543e-07	1.495915e-07	1.561061e-05	7.640586e-02
21.560	2.553146e-07	1.511022e-07	1.588518e-05	7.778777e-02
21.570	2.320317e-07	1.372853e-07	1.525092e-05	7.493913e-02
21.580	2.346565e-07	1.388343e-07	1.553331e-05	7.636176e-02
21.590	2.289434e-07	1.354393e-07	1.550762e-05	7.634626e-02
21.600	2.314024e-07	1.368899e-07	1.578707e-05	7.775857e-02
21.610	2.336213e-07	1.381983e-07	1.605849e-05	7.913492e-02
21.620	2.125737e-07	1.257142e-07	1.542813e-05	7.628615e-02
21.630	2.148806e-07	1.270747e-07	1.570838e-05	7.770809e-02
21.640	2.077924e-07	1.228672e-07	1.560584e-05	7.733124e-02
21.650	2.098999e-07	1.241096e-07	1.588044e-05	7.872986e-02
21.660	1.907469e-07	1.127549e-07	1.524594e-05	7.584116e-02
21.670	1.929043e-07	1.140269e-07	1.552817e-05	7.728005e-02
21.680	1.882051e-07	1.112373e-07	1.550242e-05	7.726251e-02
21.690	1.902300e-07	1.124308e-07	1.578197e-05	7.869214e-02
21.700	1.920532e-07	1.135050e-07	1.605323e-05	8.008402e-02
21.710	1.747407e-07	1.032463e-07	1.542261e-05	7.719530e-02
21.720	1.766399e-07	1.043654e-07	1.570298e-05	7.863472e-02
21.730	1.707571e-07	1.008769e-07	1.559765e-05	7.823802e-02
21.740	1.724934e-07	1.018997e-07	1.587238e-05	7.965377e-02
21.750	1.567420e-07	9.257052e-08	1.523772e-05	7.672540e-02
21.760	1.585159e-07	9.361555e-08	1.551985e-05	7.818071e-02
21.770	1.601920e-07	9.460273e-08	1.579747e-05	7.961585e-02
21.780	1.563192e-07	9.230598e-08	1.577371e-05	7.960802e-02
21.790	1.578170e-07	9.318769e-08	1.604476e-05	8.101518e-02
21.800	1.435783e-07	8.475844e-08	1.541379e-05	7.808599e-02
21.810	1.451412e-07	8.567866e-08	1.569420e-05	7.954244e-02
21.820	1.403437e-07	8.283649e-08	1.559107e-05	7.914958e-02
21.830	1.417725e-07	8.367745e-08	1.586577e-05	8.058158e-02
21.840	1.288189e-07	7.601259e-08	1.523078e-05	7.761258e-02
21.850	1.302765e-07	7.687055e-08	1.551267e-05	7.908357e-02
21.860	1.316546e-07	7.768154e-08	1.579020e-05	8.053479e-02
21.870	1.284719e-07	7.579586e-08	1.576641e-05	8.052503e-02
21.880	1.297022e-07	7.651954e-08	1.603720e-05	8.194707e-02
21.890	1.179936e-07	6.959457e-08	1.540588e-05	7.897726e-02
21.900	1.192800e-07	7.035138e-08	1.568633e-05	8.045059e-02
21.910	1.152993e-07	6.799535e-08	1.558029e-05	8.003681e-02
21.920	1.164761e-07	6.868745e-08	1.585503e-05	8.148540e-02
21.930	1.058261e-07	6.239143e-08	1.521981e-05	7.847609e-02
21.940	1.070243e-07	6.309619e-08	1.550151e-05	7.996288e-02
21.950	1.081575e-07	6.376248e-08	1.577892e-05	8.143006e-02
21.960	1.055425e-07	6.221464e-08	1.575512e-05	8.141836e-02
21.970	1.065530e-07	6.280855e-08	1.602563e-05	8.285505e-02
21.980	9.692591e-08	5.711987e-08	1.539387e-05	7.984409e-02
21.990	9.798427e-08	5.774202e-08	1.567427e-05	8.133382e-02
22.000	9.473863e-08	5.582281e-08	1.557031e-05	8.092334e-02
22.010	9.570682e-08	5.639177e-08	1.584492e-05	8.238749e-02
22.020	8.695088e-08	5.122017e-08	1.520927e-05	7.933676e-02
22.030	8.793523e-08	5.179864e-08	1.549061e-05	8.083844e-02
22.040	8.886664e-08	5.234590e-08	1.576782e-05	8.232097e-02
22.050	8.671821e-08	5.107540e-08	1.574389e-05	8.230663e-02
22.060	8.754805e-08	5.156276e-08	1.601405e-05	8.375746e-02
22.070	7.963382e-08	4.689036e-08	1.538184e-05	8.070519e-02
22.080	8.050474e-08	4.740192e-08	1.566218e-05	8.221121e-02
22.090	7.781262e-08	4.581149e-08	1.555525e-05	8.177887e-02
22.100	7.860987e-08	4.627963e-08	1.582980e-05	8.325896e-02
22.110	7.141294e-08	4.203259e-08	1.519384e-05	8.016734e-02
22.120	7.222198e-08	4.250768e-08	1.547491e-05	8.168422e-02
22.130	7.298764e-08	4.295721e-08	1.575193e-05	8.318215e-02
22.140	7.122294e-08	4.191457e-08	1.572791e-05	8.316529e-02
22.150	7.190436e-08	4.231445e-08	1.599768e-05	8.463005e-02
22.160	6.539884e-08	3.847708e-08	1.536494e-05	8.153588e-02
22.170	6.611518e-08	3.889753e-08	1.564513e-05	8.305764e-02
22.180	6.392093e-08	3.760235e-08	1.554020e-05	8.262826e-02
22.190	6.457669e-08	3.798712e-08	1.581452e-05	8.412326e-02
22.200	5.866130e-08	3.449935e-08	1.517804e-05	8.098956e-02
22.210	5.932572e-08	3.488922e-08	1.545869e-05	8.252074e-02
22.220	5.995494e-08	3.525836e-08	1.573544e-05	8.403359e-02
22.230	5.850549e-08	3.440274e-08	1.571124e-05	8.401373e-02
22.240	5.906495e-08	3.473081e-08	1.598059e-05	8.549213e-02
22.250	5.371827e-08	3.157968e-08	1.534734e-05	8.235613e-02
22.260	5.430760e-08	3.192533e-08	1.562744e-05	8.389396e-02
22.270	5.248792e-08	3.085219e-08	1.551948e-05	8.344198e-02
22.280	5.302777e-08	3.116872e-08	1.579372e-05	8.495272e-02
22.290	4.816690e-08	2.830512e-08	1.515690e-05	8.177783e-02
22.300	4.871286e-08	2.862524e-08	1.543721e-05	8.332376e-02
22.310	4.922999e-08	2.892840e-08	1.571372e-05	8.485166e-02
22.320	4.803973e-08	2.822639e-08	1.568937e-05	8.482895e-02
22.330	4.849903e-08	2.849553e-08	1.595829e-05	8.632089e-02
22.340	4.410516e-08	2.590812e-08	1.532447e-05	8.314265e-02
22.350	4.458979e-08	2.619214e-08	1.560440e-05	8.469603e-02
22.360	4.310690e-08	2.531836e-08	1.549841e-05	8.424710e-02
22.370	4.355084e-08	2.557847e-08	1.577244e-05	8.577286e-02
22.380	3.955655e-08	2.322732e-08	1.513513e-05	8.255604e-02
22.390	4.000481e-08	2.348996e-08	1.541502e-05	8.411627e-02
22.400	4.042969e-08	2.373886e-08	1.569128e-05	8.565914e-02
22.410	3.945232e-08	2.316290e-08	1.566681e-05	8.563382e-02
22.420	3.982932e-08	2.338366e-08	1.593536e-05	8.713970e-02
22.430	3.621905e-08	2.125941e-08	1.530109e-05	8.391995e-02
22.440	3.661767e-08	2.149287e-08	1.558098e-05	8.548975e-02
22.450	3.538831e-08	2.076909e-08	1.547200e-05	8.501808e-02
22.460	3.575371e-08	2.098302e-08	1.574598e-05	8.655983e-02
22.470	3.247227e-08	1.905304e-08	1.510836e-05	8.330202e-02
22.480	3.284053e-08	1.926866e-08	1.538796e-05	8.487723e-02
22.490	3.318965e-08	1.947303e-08	1.566403e-05	8.643550e-02
22.500	3.238724e-08	1.900057e-08	1.563946e-05	8.640768e-02
22.510	3.269670e-08	1.918165e-08	1.590769e-05	8.792782e-02
22.520	2.973052e-08	1.743778e-08	1.527298e-05	8.466657e-02
22.530	3.005826e-08	1.762959e-08	1.555283e-05	8.625287e-02
22.540	2.905674e-08	1.704042e-08	1.544595e-05	8.578535e-02
22.550	2.935715e-08	1.721618e-08	1.571983e-05	8.734287e-02
22.560	2.666137e-08	1.563191e-08	1.508190e-05	8.404419e-02
22.570	2.696366e-08	1.580878e-08	1.536122e-05	8.563471e-02
22.580	2.725044e-08	1.597654e-08	1.563721e-05	8.720908e-02
22.590	2.659170e-08	1.558899e-08	1.561262e-05	8.717941e-02
22.600	2.684567e-08	1.573750e-08	1.588063e-05	8.871444e-02
22.610	2.440906e-08	1.430609e-08	1.524559e-05	8.541247e-02
22.620	2.467857e-08	1.446371e-08	1.552553e-05	8.701607e-02
22.630	2.384844e-08	1.397576e-08	1.541577e-05	8.652621e-02
22.640	2.409565e-08	1.412030e-08	1.568972e-05	8.810063e-02
22.650	2.188144e-08	1.282004e-08	1.505155e-05	8.476147e-02
22.660	2.212980e-08	1.296526e-08	1.533076e-05	8.636812e-02
22.670	2.236539e-08	1.310298e-08	1.560667e-05	8.795861e-02
22.680	2.182470e-08	1.278513e-08	1.558207e-05	8.792713e-02
22.690	2.203313e-08	1.290693e-08	1.584984e-05	8.947688e-02
22.700	2.003169e-08	1.173207e-08	1.521440e-05	8.613359e-02
22.710	2.025323e-08	1.186155e-08	1.549431e-05	8.775384e-02
22.720	1.957706e-08	1.146440e-08	1.538664e-05	8.726829e-02
22.730	1.978026e-08	1.158313e-08	1.566048e-05	8.885843e-02
22.740	1.796155e-08	1.051594e-08	1.502181e-05	8.547720e-02
22.750	1.816547e-08	1.063509e-08	1.530081e-05	8.709940e-02
22.760	1.835895e-08	1.074812e-08	1.557655e-05	8.870546e-02
22.770	1.791518e-08	1.048745e-08	1.555186e-05	8.867162e-02
22.780	1.808620e-08	1.058732e-08	1.581933e-05	9.023567e-02
22.790	1.644246e-08	9.623159e-09	1.518348e-05	8.685103e-02
22.800	1.662447e-08	9.729463e-09	1.546325e-05	8.848726e-02
22.810	1.606431e-08	9.400709e-09	1.535276e-05	8.797921e-02
22.820	1.623149e-08	9.498325e-09	1.562658e-05	8.958558e-02
22.830	1.473796e-08	8.622599e-09	1.498750e-05	8.616276e-02
22.840	1.490551e-08	8.720436e-09	1.526637e-05	8.780083e-02
22.850	1.506442e-08	8.813211e-09	1.554194e-05	8.942239e-02
22.860	1.470026e-08	8.599462e-09	1.551715e-05	8.938604e-02
22.870	1.484059e-08	8.681355e-09	1.578428e-05	9.096410e-02
22.880	1.349072e-08	7.890151e-09	1.514791e-05	8.753738e-02
22.890	1.364006e-08	7.977321e-09	1.542730e-05	8.918805e-02
22.900	1.318416e-08	7.709949e-09	1.531912e-05	8.868569e-02
22.910	1.332154e-08	7.790119e-09	1.559274e-05	9.030722e-02
22.920	1.209506e-08	7.071496e-09	1.495307e-05	8.684165e-02
22.930	1.223260e-08	7.151758e-09	1.523165e-05	8.849464e-02
22.940	1.236308e-08	7.227885e-09	1.550697e-05	9.013120e-02
22.950	1.206408e-08	7.052519e-09	1.548184e-05	9.009099e-02
22.960	1.217936e-08	7.119754e-09	1.574877e-05	9.168381e-02
22.970	1.107099e-08	6.470564e-09	1.511195e-05	8.821534e-02
22.980	1.119356e-08	6.542060e-09	1.539101e-05	8.988082e-02
22.990	1.081603e-08	6.320818e-09	1.528010e-05	8.935618e-02
23.000	1.092903e-08	6.386719e-09	1.555370e-05	9.099385e-02
