# incident photon energies in MeV
 0.200
 0.205
 0.209
 0.214
 0.219
 0.224
 0.230
 0.235
 0.240
 0.246
 0.252
 0.258
 0.264
 0.270
 0.276
 0.283
 0.289
 0.296
 0.303
 0.310
 0.317
 0.324
 0.332
 0.340
 0.348
 0.356
 0.364
 0.372
 0.381
 0.390
 0.399
 0.408
 0.418
 0.428
 0.438
 0.448
 0.458
 0.469
 0.480
 0.491
 0.502
 0.514
 0.526
 0.538
 0.551
 0.564
 0.577
 0.590
 0.604
 0.618
 0.632
 0.647
 0.662
 0.678
 0.693
 0.710
 0.726
 0.743
 0.760
 0.778
 0.796
 0.815
 0.834
 0.853
 0.873
 0.893
 0.914
 0.935
 0.957
 0.980
 1.002
 1.026
 1.050
 1.074
 1.099
 1.125
 1.151
 1.178
 1.205
 1.233
 1.262
 1.291
 1.321
 1.352
 1.384
 1.416
 1.449
 1.483
 1.517
 1.552
 1.589
 1.626
 1.664
 1.702
 1.742
 1.783
 1.824
 1.867
 1.910
 1.954
 2.000
 2.047
 2.094
 2.143
 2.193
 2.244
 2.296
 2.350
 2.405
 2.461
 2.518
 2.576
 2.637
 2.698
 2.761
 2.825
 2.891
 2.958
 3.027
 3.098
 3.170
 3.244
 3.319
 3.396
 3.476
 3.557
 3.639
 3.724
 3.811
 3.900
 3.991
 4.083
 4.179
 4.276
 4.376
 4.477
 4.582
 4.688
 4.798
 4.909
 5.024
 5.141
 5.261
 5.383
 5.508
 5.637
 5.768
 5.902
 6.040
 6.181
 6.325
 6.472
 6.623
 6.777
 6.935
 7.096
 7.262
 7.431
 7.604
 7.781
 7.962
 8.148
 8.337
 8.532
 8.730
 8.934
 9.142
 9.355
 9.573
 9.796
10.024
10.257
10.496
10.741
10.991
11.247
11.509
11.777
12.051
12.332
12.619
12.913
13.214
13.522
13.837
14.159
14.489
14.826
15.172
15.525
15.887
16.257
16.635
17.023
17.419
17.825
18.240
18.665
19.100
19.545
20.000
20.466
20.943
21.430
21.930
22.440
22.963
23.498
24.045
24.605
25.179
25.765
26.365
26.979
27.608
28.251
28.909
29.582
30.271
30.976
31.698
32.436
33.192
33.965
34.756
35.566
36.394
37.242
38.109
38.997
39.905
40.835
41.786
42.759
43.755
44.774
45.817
46.885
47.977
49.094
50.238
51.408
52.605
53.831
55.085
56.368
57.681
59.024
60.399
61.806
63.246
64.719
66.226
67.769
69.347
70.963
72.616
74.307
76.038
77.809
79.621
81.476
83.374
85.316
87.303
89.337
91.418
93.547
95.726
97.956
100.237
102.572
104.961
107.406
109.908
112.468
115.088
117.769
120.512
123.319
126.191
129.131
132.139
135.217
138.366
141.589
144.887
148.262
151.716
155.249
158.866
162.566
166.353
170.228
174.193
178.250
182.402
186.651
190.999
195.447
200.000
